nameseq,AA,AC,AG,AT,CA,CC,CG,CT,GA,GC,GG,GT,TA,TC,TG,TT,label
AE006468.2/4399812-4399927,0.043478260869565216,0.043478260869565216,0.0782608695652174,0.02608695652173913,0.043478260869565216,0.13043478260869565,0.08695652173913043,0.043478260869565216,0.06956521739130435,0.09565217391304348,0.09565217391304348,0.08695652173913043,0.034782608695652174,0.034782608695652174,0.08695652173913043,0.0,rRNA
AE006468.2/3566749-3566634,0.043478260869565216,0.05217391304347826,0.08695652173913043,0.02608695652173913,0.05217391304347826,0.11304347826086956,0.0782608695652174,0.043478260869565216,0.0782608695652174,0.08695652173913043,0.08695652173913043,0.08695652173913043,0.034782608695652174,0.043478260869565216,0.08695652173913043,0.0,rRNA
AE006468.2/294522-294637,0.043478260869565216,0.05217391304347826,0.0782608695652174,0.02608695652173913,0.05217391304347826,0.12173913043478261,0.0782608695652174,0.05217391304347826,0.06956521739130435,0.09565217391304348,0.09565217391304348,0.0782608695652174,0.034782608695652174,0.034782608695652174,0.08695652173913043,0.0,rRNA
AE006468.2/4100145-4101686,0.07462686567164178,0.06035042180402336,0.07397793640493186,0.04412719013627515,0.05905256327060351,0.053212199870214145,0.06294613887086307,0.05256327060350422,0.07787151200519143,0.07203114860480207,0.10058403634003893,0.06554185593770279,0.04153147306943543,0.04218040233614536,0.07852044127190136,0.040882543802725504,rRNA
AE006468.2/289180-290721,0.07397793640493186,0.06099935107073329,0.07397793640493186,0.04282933160285529,0.05905256327060351,0.05386112913692408,0.06294613887086307,0.053212199870214145,0.07657365347177157,0.07268007787151201,0.10188189487345879,0.06554185593770279,0.04218040233614536,0.04153147306943543,0.07787151200519143,0.040882543802725504,rRNA
AE006468.2/3572014-3570473,0.07397793640493186,0.06099935107073329,0.07332900713822194,0.043478260869565216,0.05905256327060351,0.053212199870214145,0.06294613887086307,0.053212199870214145,0.07722258273848151,0.07203114860480207,0.10123296560674887,0.06554185593770279,0.04153147306943543,0.04218040233614536,0.07852044127190136,0.04153147306943543,rRNA
AE006468.2/2801663-2800122,0.07397793640493186,0.06099935107073329,0.07332900713822194,0.043478260869565216,0.05905256327060351,0.053212199870214145,0.06294613887086307,0.053212199870214145,0.07722258273848151,0.07268007787151201,0.10123296560674887,0.06489292667099286,0.04153147306943543,0.04153147306943543,0.07852044127190136,0.04218040233614536,rRNA
AE006468.2/4394688-4396230,0.07457846952010376,0.0609597924773022,0.07392996108949416,0.04345006485084306,0.05901426718547341,0.05317769130998703,0.062905317769131,0.05317769130998703,0.07717250324254216,0.07198443579766536,0.10116731517509728,0.0654993514915694,0.04215304798962387,0.04215304798962387,0.07782101167315175,0.04085603112840467,rRNA
AE006468.2/4100150-4101684,0.07366362451108213,0.060625814863103,0.07431551499348109,0.043676662320730114,0.059322033898305086,0.05345501955671447,0.06323337679269883,0.052803129074315516,0.07822685788787484,0.07235984354628422,0.10104302477183832,0.06584093872229466,0.04106910039113429,0.0423728813559322,0.07822685788787484,0.039765319426336376,rRNA
AE006468.2/289185-290719,0.07301173402868318,0.061277705345501955,0.07431551499348109,0.0423728813559322,0.059322033898305086,0.05410691003911343,0.06323337679269883,0.05345501955671447,0.07692307692307693,0.07301173402868318,0.10234680573663625,0.06584093872229466,0.041720990873533245,0.041720990873533245,0.07757496740547588,0.039765319426336376,rRNA
AE006468.2/2801658-2800124,0.07301173402868318,0.061277705345501955,0.07366362451108213,0.04302477183833116,0.059322033898305086,0.05345501955671447,0.06323337679269883,0.05345501955671447,0.07757496740547588,0.07301173402868318,0.1016949152542373,0.0651890482398957,0.04106910039113429,0.041720990873533245,0.07822685788787484,0.04106910039113429,rRNA
AE006468.2/3572009-3570475,0.07301173402868318,0.061277705345501955,0.07366362451108213,0.04302477183833116,0.059322033898305086,0.05345501955671447,0.06323337679269883,0.05345501955671447,0.07757496740547588,0.07235984354628422,0.1016949152542373,0.06584093872229466,0.04106910039113429,0.0423728813559322,0.07822685788787484,0.04041720990873533,rRNA
AE006468.2/4394693-4396228,0.0736156351791531,0.06123778501628664,0.0742671009771987,0.04299674267100977,0.05928338762214984,0.053420195439739415,0.06319218241042346,0.053420195439739415,0.07752442996742671,0.07231270358306188,0.10162866449511401,0.06579804560260587,0.04169381107491857,0.04234527687296417,0.07752442996742671,0.03973941368078176,rRNA
AE006468.2/2801658-2800127,0.07315480078380143,0.06139777922926192,0.07380796864794252,0.04310907903331156,0.05943827563683867,0.052906596995427824,0.06335728282168518,0.052906596995427824,0.07772697583278902,0.07315480078380143,0.10189418680600915,0.06531678641410843,0.041149575440888306,0.041149575440888306,0.07838014369693011,0.041149575440888306,rRNA
AE006468.2/3572009-3570478,0.07315480078380143,0.06139777922926192,0.07380796864794252,0.04310907903331156,0.05943827563683867,0.052906596995427824,0.06335728282168518,0.052906596995427824,0.07772697583278902,0.07250163291966036,0.10189418680600915,0.0659699542782495,0.041149575440888306,0.041802743305029394,0.07838014369693011,0.040496407576747225,rRNA
AE006468.2/4100150-4101681,0.07380796864794252,0.06074461136512083,0.07446113651208361,0.043762246897452645,0.05943827563683867,0.052906596995427824,0.06335728282168518,0.05225342913128674,0.07838014369693011,0.07250163291966036,0.10124101894186806,0.0659699542782495,0.041149575440888306,0.041802743305029394,0.07838014369693011,0.039843239712606136,rRNA
AE006468.2/289185-290716,0.07315480078380143,0.06139777922926192,0.07446113651208361,0.042455911169170475,0.05943827563683867,0.05355976485956891,0.06335728282168518,0.052906596995427824,0.07707380796864795,0.07315480078380143,0.10254735467015023,0.0659699542782495,0.041802743305029394,0.041149575440888306,0.07772697583278902,0.039843239712606136,rRNA
AE006468.2/4394693-4396225,0.0737597911227154,0.06135770234986945,0.07441253263707572,0.04308093994778068,0.05939947780678851,0.05287206266318538,0.06331592689295039,0.05287206266318538,0.07767624020887728,0.07245430809399478,0.10182767624020887,0.06592689295039164,0.04177545691906005,0.04177545691906005,0.07767624020887728,0.03981723237597911,rRNA
AE006468.2/2799768-2796761,0.0834718989025607,0.05786498170934486,0.07549052211506485,0.04356501496508148,0.04788826072497506,0.0608579980046558,0.06651147322913202,0.04888593282341204,0.07981376787495843,0.06684403059527769,0.09710675091453276,0.07149983372131692,0.04888593282341204,0.03857665447289658,0.07615563684735617,0.03658131027602261,rRNA
AE006468.2/3570080-3567089,0.0825810765630224,0.05884319625543297,0.07723169508525576,0.044132397191574725,0.04680708793045804,0.05917753259779338,0.06720160481444333,0.04781009695753929,0.08124373119358075,0.06352390504847877,0.09461718488799732,0.07388833166165162,0.05182213306586426,0.03945168839852892,0.07422266800401203,0.03744567034436643,rRNA
AE006468.2/4353199-4356190,0.0825810765630224,0.05917753259779338,0.07723169508525576,0.04379806084921431,0.046472751588097626,0.05884319625543297,0.06787027749916416,0.04781009695753929,0.08191240387830157,0.06352390504847877,0.09428284854563691,0.0735539953192912,0.05148779672350384,0.03945168839852892,0.07388833166165162,0.03811434302908726,rRNA
AE006468.2/4198128-4201119,0.0825810765630224,0.05884319625543297,0.07723169508525576,0.044132397191574725,0.04613841524573721,0.05850885991307255,0.06753594115680374,0.04781009695753929,0.08224674022066199,0.06318956870611836,0.09461718488799732,0.0735539953192912,0.05148779672350384,0.03945168839852892,0.07422266800401203,0.03844867937144768,rRNA
AE006468.2/4396623-4399614,0.0825810765630224,0.05917753259779338,0.07723169508525576,0.04379806084921431,0.046472751588097626,0.05917753259779338,0.06753594115680374,0.04781009695753929,0.08157806753594116,0.06352390504847877,0.09461718488799732,0.07388833166165162,0.05182213306586426,0.03911735205616851,0.07422266800401203,0.03744567034436643,rRNA
AE006468.2/4102040-4105031,0.0825810765630224,0.05917753259779338,0.07723169508525576,0.04379806084921431,0.04613841524573721,0.05917753259779338,0.06753594115680374,0.04781009695753929,0.08191240387830157,0.06318956870611836,0.09495152123035774,0.07388833166165162,0.05182213306586426,0.03911735205616851,0.07422266800401203,0.03744567034436643,rRNA
AE006468.2/291234-294324,0.08349514563106795,0.059223300970873784,0.0773462783171521,0.043689320388349516,0.04757281553398058,0.05954692556634304,0.06763754045307444,0.04757281553398058,0.08187702265372168,0.06440129449838188,0.09546925566343042,0.07184466019417475,0.05048543689320388,0.039158576051779935,0.07313915857605179,0.037540453074433655,rRNA
AE006468.2/4198129-4201120,0.0825810765630224,0.05884319625543297,0.07689735874289536,0.044132397191574725,0.04613841524573721,0.05850885991307255,0.06753594115680374,0.04781009695753929,0.08224674022066199,0.06318956870611836,0.09461718488799732,0.0735539953192912,0.05148779672350384,0.03945168839852892,0.07422266800401203,0.03878301571380809,rRNA
AE006468.2/4353200-4356191,0.0825810765630224,0.05917753259779338,0.07689735874289536,0.04379806084921431,0.046472751588097626,0.05884319625543297,0.06787027749916416,0.04781009695753929,0.08191240387830157,0.06352390504847877,0.09428284854563691,0.0735539953192912,0.05148779672350384,0.03945168839852892,0.07388833166165162,0.03844867937144768,rRNA
AE006468.2/3570079-3567088,0.0825810765630224,0.05884319625543297,0.07689735874289536,0.044132397191574725,0.04680708793045804,0.05917753259779338,0.06720160481444333,0.04781009695753929,0.08124373119358075,0.06352390504847877,0.09461718488799732,0.07388833166165162,0.05182213306586426,0.03945168839852892,0.07422266800401203,0.03778000668672685,rRNA
AE006468.2/4396624-4399615,0.0825810765630224,0.05917753259779338,0.07689735874289536,0.04379806084921431,0.046472751588097626,0.05917753259779338,0.06753594115680374,0.04781009695753929,0.08157806753594116,0.06352390504847877,0.09461718488799732,0.07388833166165162,0.05182213306586426,0.03911735205616851,0.07422266800401203,0.03778000668672685,rRNA
AE006468.2/2799767-2796760,0.0834718989025607,0.05786498170934486,0.07515796474891918,0.04356501496508148,0.04788826072497506,0.0608579980046558,0.06651147322913202,0.04888593282341204,0.07981376787495843,0.06684403059527769,0.09710675091453276,0.07149983372131692,0.04888593282341204,0.03857665447289658,0.07615563684735617,0.03691386764216827,rRNA
AE006468.2/4102041-4105032,0.0825810765630224,0.05917753259779338,0.07689735874289536,0.04379806084921431,0.04613841524573721,0.05917753259779338,0.06753594115680374,0.04781009695753929,0.08191240387830157,0.06318956870611836,0.09495152123035774,0.07388833166165162,0.05182213306586426,0.03911735205616851,0.07422266800401203,0.03778000668672685,rRNA
AE006468.2/291235-294325,0.08349514563106795,0.059223300970873784,0.07702265372168285,0.043689320388349516,0.04757281553398058,0.05954692556634304,0.06763754045307444,0.04757281553398058,0.08187702265372168,0.06440129449838188,0.09546925566343042,0.07184466019417475,0.05048543689320388,0.039158576051779935,0.07313915857605179,0.037864077669902914,rRNA
AE006468.2/2799608-2796773,0.08395061728395062,0.05714285714285714,0.0761904761904762,0.042328042328042326,0.04832451499118166,0.06102292768959436,0.06596119929453263,0.04867724867724868,0.07971781305114639,0.06666666666666667,0.0980599647266314,0.07195767195767196,0.0472663139329806,0.039153439153439155,0.0761904761904762,0.03738977072310406,rRNA
AE006468.2/3569920-3567099,0.08294930875576037,0.05848989719957462,0.07798652959943282,0.042538107054236086,0.04714640198511166,0.059198865650478556,0.06664303438496987,0.0478553704360156,0.0815313718539525,0.06309819213045019,0.09535625664657922,0.07444168734491315,0.05033676001417937,0.04005671747607231,0.07444168734491315,0.03792981212336051,rRNA
AE006468.2/4353359-4356180,0.08294930875576037,0.058844381425026585,0.07798652959943282,0.04218362282878412,0.0467919177596597,0.059198865650478556,0.06735200283587381,0.0478553704360156,0.08188585607940446,0.06345267635590217,0.09535625664657922,0.07408720311946118,0.05033676001417937,0.03970223325062035,0.07408720311946118,0.03792981212336051,rRNA
AE006468.2/4396783-4399604,0.08294930875576037,0.058844381425026585,0.07798652959943282,0.04218362282878412,0.0467919177596597,0.059198865650478556,0.06699751861042183,0.0478553704360156,0.08188585607940446,0.06309819213045019,0.09535625664657922,0.07444168734491315,0.05033676001417937,0.03970223325062035,0.07444168734491315,0.03792981212336051,rRNA
AE006468.2/4198288-4201109,0.08294930875576037,0.05848989719957462,0.07798652959943282,0.042538107054236086,0.04643743353420773,0.058844381425026585,0.06699751861042183,0.0478553704360156,0.08224034030485644,0.06309819213045019,0.0957107408720312,0.07408720311946118,0.05033676001417937,0.03970223325062035,0.07444168734491315,0.03828429634881248,rRNA
AE006468.2/4102200-4105021,0.08294930875576037,0.058844381425026585,0.07798652959943282,0.04218362282878412,0.04643743353420773,0.059198865650478556,0.06699751861042183,0.0478553704360156,0.08224034030485644,0.06274370790499822,0.0957107408720312,0.07444168734491315,0.05033676001417937,0.03970223325062035,0.07444168734491315,0.03792981212336051,rRNA
AE006468.2/291394-294314,0.0839041095890411,0.0589041095890411,0.07808219178082192,0.04212328767123288,0.04794520547945205,0.05958904109589041,0.06712328767123288,0.047602739726027396,0.0821917808219178,0.06404109589041096,0.09623287671232876,0.07226027397260273,0.04897260273972603,0.03972602739726028,0.07328767123287672,0.03801369863013699,rRNA
NZ_CP029463.1/451506-451397,0.045871559633027525,0.03669724770642202,0.09174311926605505,0.045871559633027525,0.05504587155963303,0.08256880733944955,0.06422018348623854,0.05504587155963303,0.06422018348623854,0.07339449541284404,0.07339449541284404,0.07339449541284404,0.05504587155963303,0.07339449541284404,0.05504587155963303,0.05504587155963303,rRNA
NZ_CP029463.1/2898154-2899670,0.07321899736147758,0.06266490765171503,0.0758575197889182,0.05804749340369393,0.05343007915567282,0.05013192612137203,0.05870712401055409,0.052110817941952506,0.07453825857519789,0.06266490765171503,0.08905013192612138,0.06728232189973615,0.0679419525065963,0.03891820580474934,0.06992084432717678,0.04551451187335093,rRNA
NZ_CP029463.1/456422-454907,0.07326732673267326,0.0627062706270627,0.07590759075907591,0.058085808580858087,0.053465346534653464,0.050165016501650166,0.058745874587458745,0.05214521452145215,0.0745874587458746,0.0627062706270627,0.08844884488448845,0.06732673267326733,0.06798679867986798,0.038943894389438946,0.06996699669966996,0.04554455445544554,rRNA
NZ_CP029463.1/940436-938922,0.07331571994715984,0.06274768824306473,0.07595772787318363,0.05812417437252312,0.053500660501981503,0.0488771466314399,0.058784676354029064,0.05217965653896962,0.07463672391017173,0.06274768824306473,0.0891677675033025,0.06737120211360634,0.06803170409511229,0.03896961690885073,0.07001321003963012,0.04557463672391017,rRNA
NZ_CP029463.1/456417-454909,0.07360742705570292,0.0623342175066313,0.07625994694960213,0.057692307692307696,0.05371352785145889,0.050397877984084884,0.058355437665782495,0.05238726790450928,0.07427055702917772,0.0629973474801061,0.08885941644562334,0.06763925729442971,0.06830238726790451,0.03912466843501326,0.06962864721485411,0.04442970822281167,rRNA
NZ_CP029463.1/2898159-2899668,0.073558648111332,0.062292909211398274,0.07620941020543406,0.05765407554671968,0.0536779324055666,0.05036447978793903,0.0583167660702452,0.052352551358515576,0.07422133863485753,0.06295559973492379,0.08946322067594434,0.06759443339960239,0.0682571239231279,0.0390987408880053,0.06958250497017893,0.04440026507620941,rRNA
NZ_CP029463.1/940431-938924,0.07365627073656271,0.062375580623755804,0.07631055076310551,0.0577305905773059,0.0537491705374917,0.0491041804910418,0.058394160583941604,0.05242203052422031,0.0743198407431984,0.0630391506303915,0.08958195089581951,0.0676841406768414,0.0683477106834771,0.039150630391506305,0.0696748506967485,0.04445919044459191,rRNA
NZ_CP029463.1/2898159-2899665,0.07370517928286853,0.06241699867197875,0.07636122177954847,0.05776892430278884,0.053784860557768925,0.049800796812749,0.05843293492695883,0.05179282868525897,0.07436918990703852,0.06308100929614874,0.08964143426294821,0.06772908366533864,0.06839309428950863,0.03851261620185923,0.0697211155378486,0.04448871181938911,rRNA
NZ_CP029463.1/456417-454912,0.07375415282392027,0.06245847176079734,0.07641196013289037,0.05780730897009967,0.053820598006644516,0.04983388704318937,0.05847176079734219,0.051827242524916946,0.07441860465116279,0.06312292358803986,0.08903654485049833,0.06777408637873754,0.06843853820598006,0.038538205980066444,0.06976744186046512,0.04451827242524917,rRNA
NZ_CP029463.1/940431-938927,0.07380319148936171,0.0625,0.0764627659574468,0.05784574468085106,0.0538563829787234,0.04853723404255319,0.05851063829787234,0.05186170212765957,0.07446808510638298,0.06316489361702128,0.08976063829787234,0.0678191489361702,0.06848404255319149,0.03856382978723404,0.06981382978723404,0.04454787234042553,rRNA
NZ_CP029463.1/2900078-2902948,0.08954703832752613,0.05226480836236934,0.08501742160278745,0.05749128919860627,0.04285714285714286,0.05121951219512195,0.05435540069686411,0.04912891986062718,0.08222996515679443,0.05400696864111498,0.08850174216027874,0.07038327526132404,0.06968641114982578,0.04041811846689895,0.06724738675958188,0.045644599303135885,rRNA
NZ_CP029463.1/454500-451631,0.08957825026141512,0.05228302544440572,0.08504705472289996,0.05751132798884629,0.04287208086441269,0.0512373649355176,0.05437434646218194,0.049146043917741376,0.08225862669919833,0.05402579295921924,0.08818403624956431,0.07040780759846636,0.06971070059254096,0.040432206343673754,0.06727082607180203,0.04566050888811433,rRNA
NZ_CP029463.1/938515-935648,0.08964073944890129,0.05231949773282177,0.0851063829787234,0.05755144750610394,0.042901988140913845,0.050924311126613185,0.05441227764213463,0.04918032786885246,0.08231600976630625,0.05406348099058249,0.08789675619114057,0.07045692361353331,0.06975933031042902,0.04046041158004883,0.067317753749564,0.04569236135333101,rRNA
NZ_CP029463.1/2900080-2902948,0.0896094839609484,0.051952580195258016,0.08507670850767085,0.05753138075313807,0.04288702928870293,0.051255230125523014,0.05439330543933055,0.049163179916317995,0.08228730822873083,0.05404463040446304,0.08856345885634588,0.07043235704323571,0.0693863319386332,0.040446304044630406,0.06729428172942817,0.04567642956764296,rRNA
NZ_CP029463.1/454498-451631,0.08964073944890129,0.05197070108126962,0.0851063829787234,0.05755144750610394,0.042901988140913845,0.05127310777816533,0.05441227764213463,0.04918032786885246,0.08231600976630625,0.05406348099058249,0.08824555284269271,0.07045692361353331,0.06941053365887688,0.04046041158004883,0.067317753749564,0.04569236135333101,rRNA
NZ_CP029463.1/938513-935648,0.08970331588132635,0.05200698080279232,0.08516579406631762,0.05759162303664921,0.04293193717277487,0.05095986038394416,0.05445026178010471,0.049214659685863874,0.08237347294938918,0.05410122164048865,0.08795811518324607,0.07050610820244328,0.06945898778359512,0.04048865619546248,0.06736474694589878,0.045724258289703314,rRNA
NZ_CP029463.1/454354-451490,0.08868715083798882,0.052025139664804466,0.08449720670391062,0.05551675977653631,0.04189944134078212,0.05097765363128492,0.05342178770949721,0.05062849162011173,0.07891061452513966,0.05307262569832402,0.08589385474860335,0.07262569832402235,0.0712290502793296,0.04085195530726257,0.06668994413407821,0.05307262569832402,rRNA
NZ_CP029463.1/2900225-2903090,0.08865619546247819,0.05200698080279232,0.08446771378708552,0.05549738219895288,0.041884816753926704,0.05095986038394416,0.05340314136125655,0.0506108202443281,0.07888307155322861,0.05305410122164049,0.0862129144851658,0.07260034904013962,0.0712041884816754,0.040837696335078534,0.06666666666666667,0.05305410122164049,rRNA
NZ_CP029463.1/938370-935507,0.08871812783793225,0.052043311212015365,0.08452672022354174,0.05553615089067412,0.041914076143904994,0.050646175340551866,0.05344044708347887,0.050646175340551866,0.07893817673768774,0.053091163115612995,0.08592385609500523,0.07265106531610199,0.07125392944463849,0.04086622424030737,0.06671323786238212,0.053091163115612995,rRNA
AL123456.3/1476900-1477012,0.08035714285714286,0.07142857142857142,0.0625,0.026785714285714284,0.05357142857142857,0.15178571428571427,0.10714285714285714,0.03571428571428571,0.07142857142857142,0.10714285714285714,0.09821428571428571,0.026785714285714284,0.03571428571428571,0.026785714285714284,0.03571428571428571,0.008928571428571428,rRNA
AL123456.3/1473670-1473825,0.04516129032258064,0.03225806451612903,0.06451612903225806,0.09032258064516129,0.03870967741935484,0.06451612903225806,0.08387096774193549,0.03870967741935484,0.11612903225806452,0.08387096774193549,0.10967741935483871,0.04516129032258064,0.025806451612903226,0.04516129032258064,0.0967741935483871,0.01935483870967742,rRNA
AL123456.3/1471849-1473380,0.05551926845199216,0.0581319399085565,0.0659699542782495,0.037883736120182886,0.04898758981058132,0.054866100587851074,0.08229915088177661,0.05225342913128674,0.07250163291966036,0.07576747224036577,0.11691704768125408,0.07642064010450686,0.040496407576747225,0.049640757674722404,0.07642064010450686,0.035924232527759635,rRNA
AL123456.3/1471854-1473378,0.0557742782152231,0.0583989501312336,0.0662729658792651,0.03805774278215223,0.04921259842519685,0.05511811023622047,0.08267716535433071,0.05249343832020997,0.07283464566929133,0.07611548556430446,0.11745406824146981,0.07611548556430446,0.04068241469816273,0.049868766404199474,0.07545931758530183,0.03346456692913386,rRNA
AL123456.3/1471854-1473375,0.055884286653517426,0.05851413543721236,0.06640368178829717,0.0381328073635766,0.04930966469428008,0.05456936226166995,0.08284023668639054,0.05193951347797501,0.07297830374753451,0.0762656147271532,0.11768573307034845,0.0762656147271532,0.04076265614727153,0.04930966469428008,0.07560815253122946,0.03353057199211045,rRNA
AL123456.3/1473656-1476795,0.07104173303599873,0.056068811723478815,0.07709461611978337,0.03727301688435808,0.04969735584581077,0.07390888818094934,0.07454603376871616,0.044281618349792926,0.07773176170755018,0.0678560050971647,0.1089518955081236,0.07486460656259955,0.04332589996814272,0.04460019114367633,0.0684931506849315,0.030264415418923225,rRNA
AL123456.3/1473658-1476795,0.07108702582084794,0.05610455849537775,0.0771437679311444,0.03729678036340452,0.04972904048453937,0.07395600892572521,0.07459356072680905,0.044309850175326744,0.07778131973222824,0.06789926681542875,0.10902135798533631,0.07459356072680905,0.04335352247370099,0.04462862607586866,0.06853681861651259,0.02996493465094039,rRNA
AL123456.3/1473819-1476784,0.07183811129848229,0.0566610455311973,0.07790893760539629,0.0357504215851602,0.04991568296795953,0.07487352445193929,0.0745362563237774,0.04418212478920742,0.07622259696458684,0.06745362563237774,0.10961214165261383,0.07554806070826307,0.04418212478920742,0.04451939291736931,0.06677908937605397,0.030016863406408096,rRNA
NC_005042.1/358431-358547,0.06896551724137931,0.04310344827586207,0.04310344827586207,0.07758620689655173,0.0603448275862069,0.10344827586206896,0.07758620689655173,0.04310344827586207,0.08620689655172414,0.0603448275862069,0.08620689655172414,0.05172413793103448,0.017241379310344827,0.06896551724137931,0.07758620689655173,0.034482758620689655,rRNA
NC_005042.1/353311-354795,0.07412398921832884,0.05929919137466307,0.07210242587601078,0.04380053908355795,0.05592991913746631,0.057951482479784364,0.07142857142857142,0.05121293800539083,0.0761455525606469,0.07277628032345014,0.09838274932614555,0.0660377358490566,0.0431266846361186,0.04649595687331536,0.07142857142857142,0.03975741239892183,rRNA
NC_005042.1/353316-354793,0.07312119160460392,0.05822613405551794,0.07244414353419093,0.044008124576844956,0.055517941773865945,0.05822613405551794,0.07109004739336493,0.05145565335138795,0.07650643195666892,0.07312119160460392,0.0988490182802979,0.06635071090047394,0.04265402843601896,0.046716316858496955,0.07176709546377792,0.03994583615436696,rRNA
NC_005042.1/353316-354790,0.07327001356852103,0.05834464043419267,0.07259158751696065,0.044097693351424695,0.05563093622795115,0.057666214382632294,0.07123473541383989,0.05088195386702849,0.07666214382632293,0.07327001356852103,0.09905020352781546,0.06648575305291723,0.042740841248303935,0.04613297150610583,0.07191316146540028,0.04002713704206241,rRNA
NC_005042.1/355460-358335,0.08626086956521739,0.05356521739130435,0.08556521739130435,0.041391304347826084,0.043478260869565216,0.058434782608695654,0.06365217391304348,0.05286956521739131,0.08382608695652174,0.06469565217391304,0.09843478260869565,0.06817391304347827,0.05286956521739131,0.04173913043478261,0.06747826086956522,0.03756521739130435,rRNA
NC_005042.1/355462-358335,0.08632091890010442,0.05360250609119387,0.08562478245736165,0.041072050121823876,0.0435085276714236,0.05847546119039332,0.06369648451096414,0.05290636964845109,0.0838844413505047,0.06474068917507832,0.09850330664810303,0.06822137138879221,0.05290636964845109,0.041768186564566656,0.06717716672467804,0.03759136790810999,rRNA
NC_005042.1/355608-358430,0.09000708717221828,0.05209071580439405,0.0854004252303331,0.04216867469879518,0.04358610914245216,0.05776045357902197,0.06201275690999291,0.05315379163713678,0.08221119773210489,0.06307583274273565,0.09390503189227498,0.06874557051736357,0.05350815024805103,0.04358610914245216,0.0666194188518781,0.04216867469879518,rRNA
NZ_CP072646.1/111049-111165,0.0603448275862069,0.0603448275862069,0.06896551724137931,0.05172413793103448,0.05172413793103448,0.06896551724137931,0.09482758620689655,0.034482758620689655,0.08620689655172414,0.07758620689655173,0.08620689655172414,0.0603448275862069,0.05172413793103448,0.04310344827586207,0.0603448275862069,0.04310344827586207,rRNA
NZ_CP072646.1/106357-107858,0.072618254497002,0.057961359093937376,0.07328447701532312,0.04730179880079947,0.05396402398401066,0.04863424383744171,0.0759493670886076,0.0519653564290473,0.07528314457028648,0.07728181212524983,0.09193870752831446,0.07061958694203864,0.04930046635576282,0.04596935376415723,0.07395069953364423,0.03397734843437708,rRNA
NZ_CP072646.1/106362-107856,0.07161981258366801,0.05756358768406961,0.07362784471218206,0.04752342704149933,0.0535475234270415,0.048862115127175365,0.07630522088353414,0.051539491298527446,0.07563587684069611,0.07764390896921017,0.09236947791164658,0.07095046854082998,0.049531459170013385,0.04618473895582329,0.07429718875502007,0.03279785809906292,rRNA
NZ_CP072646.1/106362-107853,0.07176391683433937,0.05767940979208585,0.07377598926894702,0.047619047619047616,0.05365526492287056,0.0482897384305835,0.07645875251509054,0.05097250167672703,0.07578806170355466,0.07780013413816231,0.0925553319919517,0.07109322602280349,0.04963112005365526,0.04560697518443997,0.0744466800804829,0.03286384976525822,rRNA
NZ_CP072646.1/108120-111006,0.08558558558558559,0.04781704781704782,0.09078309078309078,0.040887040887040885,0.04608454608454608,0.05336105336105336,0.06340956340956341,0.05336105336105336,0.08454608454608455,0.06999306999306999,0.08662508662508663,0.06895356895356895,0.0492030492030492,0.04504504504504504,0.0693000693000693,0.04504504504504504,rRNA
NZ_CP072646.1/108121-111007,0.08558558558558559,0.04816354816354816,0.09078309078309078,0.040887040887040885,0.04608454608454608,0.05336105336105336,0.06340956340956341,0.05336105336105336,0.08454608454608455,0.06999306999306999,0.08662508662508663,0.06895356895356895,0.0492030492030492,0.04504504504504504,0.06895356895356895,0.04504504504504504,rRNA
NZ_CP072646.1/108263-110995,0.08711566617862372,0.048316251830161056,0.0911420204978038,0.04062957540263543,0.046120058565153735,0.053440702781844804,0.0629575402635432,0.05380673499267936,0.08528550512445095,0.06808199121522694,0.08455344070278184,0.06954612005856516,0.04868228404099561,0.046120058565153735,0.06881405563689605,0.04538799414348463,rRNA
CP025209.1/684213-684329,0.034482758620689655,0.04310344827586207,0.05172413793103448,0.02586206896551724,0.017241379310344827,0.10344827586206896,0.06896551724137931,0.05172413793103448,0.0603448275862069,0.06896551724137931,0.13793103448275862,0.10344827586206896,0.04310344827586207,0.034482758620689655,0.10344827586206896,0.05172413793103448,rRNA
CP025209.1/679099-680617,0.05533596837944664,0.055994729907773384,0.06521739130434782,0.043478260869565216,0.046772068511198944,0.050724637681159424,0.07707509881422925,0.05401844532279315,0.07048748353096179,0.07839262187088274,0.11330698287220026,0.07444005270092227,0.04743083003952569,0.043478260869565216,0.08102766798418973,0.04281949934123847,rRNA
CP025209.1/2120249-2118807,0.057558945908460474,0.05825242718446602,0.07142857142857142,0.044382801664355064,0.060332871012482664,0.059639389736477116,0.07212205270457697,0.05547850208044383,0.07004160887656033,0.0839112343966713,0.09015256588072122,0.06796116504854369,0.043689320388349516,0.04576976421636616,0.07836338418862691,0.040915395284327326,rRNA
CP025209.1/679104-680615,0.05559232296492389,0.05625413633355394,0.06551952349437459,0.04301786896095301,0.04698874917273329,0.050959629384513566,0.07743216412971542,0.054268696227663796,0.07081403044341496,0.07875579086697551,0.11383189940436797,0.07478491065519524,0.04698874917273329,0.04367968232958306,0.08074123097286565,0.04037061548643282,rRNA
CP025209.1/2120244-2118809,0.0578397212543554,0.05853658536585366,0.07177700348432056,0.04390243902439024,0.06062717770034843,0.059930313588850176,0.07247386759581882,0.05505226480836237,0.07038327526132404,0.0843205574912892,0.09059233449477352,0.06829268292682927,0.04320557491289199,0.04529616724738676,0.07804878048780488,0.0397212543554007,rRNA
CP025209.1/679104-680612,0.05570291777188329,0.05636604774535809,0.0656498673740053,0.04310344827586207,0.047082228116710874,0.050397877984084884,0.07758620689655173,0.05371352785145889,0.0709549071618037,0.07891246684350132,0.11405835543766578,0.07493368700265252,0.047082228116710874,0.04310344827586207,0.08090185676392574,0.04045092838196287,rRNA
CP025209.1/2120244-2118812,0.057960893854748605,0.05865921787709497,0.07192737430167598,0.04399441340782123,0.06075418994413408,0.06005586592178771,0.07262569832402235,0.05446927374301676,0.07053072625698324,0.08449720670391062,0.09078212290502793,0.06843575418994413,0.04329608938547486,0.0446927374301676,0.0782122905027933,0.03910614525139665,rRNA
CP025209.1/680981-684066,0.06385737439222042,0.04278768233387358,0.07552674230145867,0.04505672609400324,0.03727714748784441,0.055429497568881686,0.05640194489465154,0.04700162074554295,0.07617504051863858,0.060291734197730956,0.10210696920583469,0.09821717990275526,0.04991896272285251,0.03760129659643436,0.10275526742301459,0.04959481361426256,rRNA
CP025209.1/2118475-2115460,0.06301824212271974,0.044444444444444446,0.07330016583747927,0.05041459369817579,0.04245439469320066,0.056716417910447764,0.05638474295190713,0.04543946932006634,0.08092868988391376,0.062354892205638474,0.09684908789386401,0.09220563847429519,0.04477611940298507,0.03747927031509121,0.10613598673300166,0.04709784411276949,rRNA
CP025209.1/680982-684067,0.06385737439222042,0.04278768233387358,0.07552674230145867,0.04505672609400324,0.03727714748784441,0.055429497568881686,0.05640194489465154,0.04700162074554295,0.07617504051863858,0.060291734197730956,0.10210696920583469,0.09821717990275526,0.04991896272285251,0.03760129659643436,0.10275526742301459,0.04959481361426256,rRNA
CP025209.1/2118474-2115459,0.06301824212271974,0.044444444444444446,0.07330016583747927,0.05041459369817579,0.04245439469320066,0.056716417910447764,0.05638474295190713,0.04543946932006634,0.08092868988391376,0.062354892205638474,0.09684908789386401,0.09253731343283582,0.04477611940298507,0.03747927031509121,0.10613598673300166,0.046766169154228855,rRNA
CP025209.1/681143-684122,0.06680093991272239,0.04397448808324941,0.0751930177912051,0.044310171198388724,0.03759650889560255,0.05404498153742867,0.056059080228264516,0.048674051695199734,0.0751930177912051,0.05975159449479691,0.10003356831151393,0.09801946962067808,0.050352467270896276,0.03860355824102048,0.10171198388721048,0.04968110104061766,rRNA
CP025209.1/2118319-2115405,0.06657515442690459,0.045298558682223745,0.0727522306108442,0.04941660947151681,0.0425531914893617,0.05490734385724091,0.05490734385724091,0.047014413177762525,0.08064516129032258,0.06177076183939602,0.09540150995195608,0.09231297185998627,0.04461221688400824,0.03740562800274537,0.106726149622512,0.04770075497597804,rRNA
NC_018014.1/929823-929939,0.034482758620689655,0.06896551724137931,0.0603448275862069,0.05172413793103448,0.05172413793103448,0.07758620689655173,0.09482758620689655,0.034482758620689655,0.08620689655172414,0.0603448275862069,0.09482758620689655,0.07758620689655173,0.05172413793103448,0.05172413793103448,0.0603448275862069,0.04310344827586207,rRNA
NC_018014.1/926706-926859,0.0784313725490196,0.058823529411764705,0.0718954248366013,0.06535947712418301,0.06535947712418301,0.06535947712418301,0.0718954248366013,0.0392156862745098,0.0915032679738562,0.0915032679738562,0.11764705882352941,0.026143790849673203,0.032679738562091505,0.026143790849673203,0.06535947712418301,0.032679738562091505,rRNA
NC_018014.1/924354-925855,0.08194536975349767,0.05996002664890073,0.07061958694203864,0.04530313124583611,0.05329780146568954,0.051299133910726186,0.07661558960692871,0.0552964690206529,0.07328447701532312,0.07661558960692871,0.09793471019320453,0.060626249167221855,0.04930046635576282,0.04863424383744171,0.06329113924050633,0.03597601598934044,rRNA
NC_018014.1/924359-925853,0.08099062918340026,0.059571619812583666,0.07095046854082998,0.04551539491298527,0.05287817938420348,0.051539491298527446,0.07697456492637215,0.05555555555555555,0.07362784471218206,0.07697456492637215,0.09839357429718876,0.06091030789825971,0.049531459170013385,0.04819277108433735,0.06358768406961178,0.03480589022757698,rRNA
NC_018014.1/924359-925850,0.08115358819584172,0.059691482226693494,0.07109322602280349,0.04560697518443997,0.05298457411133468,0.05097250167672703,0.07712944332662643,0.05499664654594232,0.07377598926894702,0.07712944332662643,0.09859154929577464,0.06103286384976526,0.04963112005365526,0.047619047619047616,0.06371562709590879,0.034875922199865864,rRNA
NC_018014.1/2076795-2079744,0.0851135978297728,0.05256018989487962,0.08579179382841641,0.04781281790437437,0.047134621905730756,0.05866395388267209,0.06273312987453374,0.05222109189555782,0.08307900983384198,0.06476771787046456,0.09393014581213971,0.061376737877246526,0.05629026788741946,0.044760935910478125,0.060698541878602914,0.043065445913869106,rRNA
NC_018014.1/926693-929642,0.0851135978297728,0.052899287894201424,0.08579179382841641,0.04747371990505256,0.047134621905730756,0.05866395388267209,0.06307222787385554,0.05222109189555782,0.08307900983384198,0.06476771787046456,0.09393014581213971,0.061376737877246526,0.05629026788741946,0.044760935910478125,0.06035944387928111,0.043065445913869106,rRNA
NC_018014.1/2076796-2079745,0.0851135978297728,0.05256018989487962,0.08579179382841641,0.04815191590369617,0.047134621905730756,0.05866395388267209,0.06273312987453374,0.05222109189555782,0.08307900983384198,0.06476771787046456,0.09393014581213971,0.061376737877246526,0.05629026788741946,0.044760935910478125,0.06035944387928111,0.043065445913869106,rRNA
NC_018014.1/926694-929643,0.0851135978297728,0.052899287894201424,0.08579179382841641,0.04781281790437437,0.047134621905730756,0.05866395388267209,0.06307222787385554,0.05222109189555782,0.08307900983384198,0.06476771787046456,0.09393014581213971,0.061376737877246526,0.05629026788741946,0.044760935910478125,0.06002034587995931,0.043065445913869106,rRNA
NC_018014.1/2076956-2079733,0.08534389629096147,0.052214620093626214,0.08678429960388909,0.04753330932661145,0.046092906013683835,0.0586964350018005,0.062297443284119555,0.052214620093626214,0.08246308966510622,0.06301764494058336,0.09290601368383147,0.06373784659704718,0.05761613251710479,0.045372704357220024,0.060136838314728124,0.043572200216060494,rRNA
NC_018014.1/926854-929631,0.08534389629096147,0.05257472092185812,0.08678429960388909,0.04717320849837955,0.046092906013683835,0.0586964350018005,0.06265754411235146,0.052214620093626214,0.08246308966510622,0.06301764494058336,0.09290601368383147,0.06373784659704718,0.05761613251710479,0.045372704357220024,0.05977673748649622,0.043572200216060494,rRNA
NZ_LT629973.1/908764-908649,0.034782608695652174,0.05217391304347826,0.06956521739130435,0.008695652173913044,0.043478260869565216,0.14782608695652175,0.14782608695652175,0.008695652173913044,0.0782608695652174,0.0782608695652174,0.09565217391304348,0.10434782608695652,0.017391304347826087,0.06086956521739131,0.043478260869565216,0.008695652173913044,rRNA
NZ_LT629973.1/913847-912334,0.06939854593522803,0.06411103767349637,0.07666886979510905,0.043621943159286185,0.061467283542630535,0.05485789821546596,0.0680766688697951,0.05023132848645076,0.07799074686054197,0.07468605419695969,0.10178453403833443,0.0680766688697951,0.044282881692002646,0.040978189028420355,0.0760079312623926,0.02775941837409121,rRNA
NZ_LT629973.1/913842-912336,0.06905710491367861,0.06440903054448871,0.07702523240371846,0.04249667994687915,0.061752988047808766,0.0551128818061089,0.06839309428950863,0.05046480743691899,0.07835325365205843,0.0750332005312085,0.10225763612217796,0.06839309428950863,0.043824701195219126,0.041168658698539175,0.07569721115537849,0.02656042496679947,rRNA
NZ_LT629973.1/913842-912339,0.06919494344644045,0.06453759148369927,0.0771789753825682,0.04258150365934797,0.06187624750499002,0.054557551563539586,0.06852960745176315,0.0499001996007984,0.07850964737192283,0.07518296739853626,0.10246174318030606,0.06852960745176315,0.043912175648702596,0.04058549567531603,0.07584830339321358,0.02661343978709248,rRNA
NZ_LT629973.1/911757-908933,0.09879603399433427,0.054178470254957506,0.09029745042492918,0.047096317280453256,0.05063739376770538,0.05807365439093484,0.06550991501416431,0.04355524079320113,0.0881728045325779,0.0626770538243626,0.07790368271954674,0.0679886685552408,0.05276203966005666,0.04284702549575071,0.0626770538243626,0.036827195467422094,rRNA
NZ_LT629973.1/911756-908932,0.09879603399433427,0.054178470254957506,0.09029745042492918,0.047096317280453256,0.05063739376770538,0.05807365439093484,0.06550991501416431,0.04355524079320113,0.08781869688385269,0.0626770538243626,0.07790368271954674,0.0679886685552408,0.05276203966005666,0.04320113314447592,0.0626770538243626,0.036827195467422094,rRNA
NZ_LT629973.1/911595-908936,0.09665287702143663,0.054155697630688227,0.0906355772846935,0.0473862354268522,0.05152312899586311,0.05791650996615269,0.06581421587062805,0.04287326062429485,0.08687476494922904,0.06242948476871004,0.076720571643475,0.07032719067318541,0.053403535163595334,0.04362542309138774,0.06318164723580294,0.036479879654005266,rRNA
NZ_CP073100.1/279304-279419,0.043478260869565216,0.06086956521739131,0.0782608695652174,0.02608695652173913,0.05217391304347826,0.10434782608695652,0.09565217391304348,0.02608695652173913,0.08695652173913043,0.06086956521739131,0.08695652173913043,0.10434782608695652,0.02608695652173913,0.05217391304347826,0.0782608695652174,0.017391304347826087,rRNA
NZ_CP073100.1/276248-276400,0.07236842105263158,0.046052631578947366,0.05263157894736842,0.07236842105263158,0.046052631578947366,0.03289473684210526,0.06578947368421052,0.05263157894736842,0.07894736842105263,0.07236842105263158,0.10526315789473684,0.05263157894736842,0.046052631578947366,0.046052631578947366,0.08552631578947369,0.07236842105263158,rRNA
