nameseq,AA,AC,AG,AT,CA,CC,CG,CT,GA,GC,GG,GT,TA,TC,TG,TT,label
RF00001_AF095839_1_346-228,0.0423728813559322,0.07627118644067797,0.05084745762711865,0.06779661016949153,0.059322033898305086,0.0847457627118644,0.059322033898305086,0.06779661016949153,0.059322033898305086,0.059322033898305086,0.1016949152542373,0.059322033898305086,0.07627118644067797,0.05084745762711865,0.059322033898305086,0.025423728813559324,5S_rRNA
RF00001_AY245018_1_1-119,0.07627118644067797,0.06779661016949153,0.06779661016949153,0.0423728813559322,0.0423728813559322,0.07627118644067797,0.05084745762711865,0.0847457627118644,0.059322033898305086,0.059322033898305086,0.1016949152542373,0.05084745762711865,0.07627118644067797,0.05084745762711865,0.0423728813559322,0.05084745762711865,5S_rRNA
RF00001_X52048_1_2-120,0.05084745762711865,0.059322033898305086,0.0847457627118644,0.059322033898305086,0.059322033898305086,0.09322033898305085,0.03389830508474576,0.059322033898305086,0.0847457627118644,0.03389830508474576,0.07627118644067797,0.07627118644067797,0.059322033898305086,0.059322033898305086,0.07627118644067797,0.03389830508474576,5S_rRNA
RF00001_M28193_1_1-119,0.0423728813559322,0.059322033898305086,0.07627118644067797,0.07627118644067797,0.03389830508474576,0.05084745762711865,0.07627118644067797,0.059322033898305086,0.06779661016949153,0.05084745762711865,0.059322033898305086,0.09322033898305085,0.1016949152542373,0.059322033898305086,0.059322033898305086,0.03389830508474576,5S_rRNA
RF00001_X14816_1_860-978,0.05084745762711865,0.1016949152542373,0.0423728813559322,0.025423728813559324,0.0847457627118644,0.09322033898305085,0.06779661016949153,0.0423728813559322,0.05084745762711865,0.03389830508474576,0.11016949152542373,0.1016949152542373,0.03389830508474576,0.059322033898305086,0.07627118644067797,0.025423728813559324,5S_rRNA
RF00001_AB097401_2_3415-3533,0.1016949152542373,0.09322033898305085,0.07627118644067797,0.059322033898305086,0.05084745762711865,0.06779661016949153,0.03389830508474576,0.059322033898305086,0.0847457627118644,0.025423728813559324,0.06779661016949153,0.05084745762711865,0.0847457627118644,0.025423728813559324,0.05084745762711865,0.06779661016949153,5S_rRNA
RF00001_ACCP01000158_1_30166-30284,0.059322033898305086,0.07627118644067797,0.06779661016949153,0.059322033898305086,0.059322033898305086,0.0847457627118644,0.07627118644067797,0.0423728813559322,0.09322033898305085,0.0423728813559322,0.09322033898305085,0.05084745762711865,0.05084745762711865,0.059322033898305086,0.0423728813559322,0.0423728813559322,5S_rRNA
RF00001_CACC01010173_1_7246-7364,0.1016949152542373,0.05084745762711865,0.07627118644067797,0.07627118644067797,0.059322033898305086,0.059322033898305086,0.025423728813559324,0.059322033898305086,0.06779661016949153,0.05084745762711865,0.03389830508474576,0.06779661016949153,0.06779661016949153,0.0423728813559322,0.0847457627118644,0.07627118644067797,5S_rRNA
RF00001_CP001322_1_4582189-4582073,0.034482758620689655,0.04310344827586207,0.09482758620689655,0.034482758620689655,0.0603448275862069,0.09482758620689655,0.08620689655172414,0.05172413793103448,0.06896551724137931,0.09482758620689655,0.09482758620689655,0.0603448275862069,0.04310344827586207,0.0603448275862069,0.04310344827586207,0.034482758620689655,5S_rRNA
RF00001_CP003008_1_1984726-1984845,0.05042016806722689,0.06722689075630252,0.06722689075630252,0.05042016806722689,0.05042016806722689,0.09243697478991597,0.07563025210084033,0.05042016806722689,0.058823529411764705,0.03361344537815126,0.07563025210084033,0.10084033613445378,0.06722689075630252,0.08403361344537816,0.05042016806722689,0.025210084033613446,5S_rRNA
RF00001_AEYK01000294_1_521-402,0.058823529411764705,0.05042016806722689,0.07563025210084033,0.04201680672268908,0.05042016806722689,0.06722689075630252,0.08403361344537816,0.06722689075630252,0.06722689075630252,0.06722689075630252,0.07563025210084033,0.08403361344537816,0.04201680672268908,0.08403361344537816,0.058823529411764705,0.025210084033613446,5S_rRNA
RF00001_AACY023783641_1_828-944,0.034482758620689655,0.05172413793103448,0.0603448275862069,0.0603448275862069,0.05172413793103448,0.10344827586206896,0.08620689655172414,0.034482758620689655,0.0603448275862069,0.06896551724137931,0.12931034482758622,0.06896551724137931,0.0603448275862069,0.05172413793103448,0.05172413793103448,0.02586206896551724,5S_rRNA
RF00001_ABIM01035849_1_948-1066,0.05084745762711865,0.059322033898305086,0.0847457627118644,0.07627118644067797,0.06779661016949153,0.0423728813559322,0.025423728813559324,0.06779661016949153,0.07627118644067797,0.05084745762711865,0.05084745762711865,0.07627118644067797,0.07627118644067797,0.05084745762711865,0.09322033898305085,0.05084745762711865,5S_rRNA
RF00001_ABIM01034792_1_3110-3228,0.06779661016949153,0.05084745762711865,0.07627118644067797,0.0847457627118644,0.0423728813559322,0.0423728813559322,0.0423728813559322,0.06779661016949153,0.07627118644067797,0.059322033898305086,0.025423728813559324,0.07627118644067797,0.09322033898305085,0.0423728813559322,0.09322033898305085,0.059322033898305086,5S_rRNA
RF00001_JF281115_1_1-119,0.05084745762711865,0.03389830508474576,0.0847457627118644,0.05084745762711865,0.09322033898305085,0.07627118644067797,0.03389830508474576,0.0847457627118644,0.05084745762711865,0.1016949152542373,0.07627118644067797,0.05084745762711865,0.025423728813559324,0.07627118644067797,0.07627118644067797,0.03389830508474576,5S_rRNA
RF00001_BAAX01004047_1_556-672,0.06896551724137931,0.04310344827586207,0.08620689655172414,0.04310344827586207,0.0603448275862069,0.11206896551724138,0.0603448275862069,0.04310344827586207,0.07758620689655173,0.09482758620689655,0.11206896551724138,0.034482758620689655,0.034482758620689655,0.02586206896551724,0.0603448275862069,0.04310344827586207,5S_rRNA
RF00001_ABIM01025195_1_7691-7573,0.059322033898305086,0.07627118644067797,0.07627118644067797,0.06779661016949153,0.05084745762711865,0.03389830508474576,0.025423728813559324,0.0847457627118644,0.07627118644067797,0.03389830508474576,0.0423728813559322,0.0847457627118644,0.09322033898305085,0.059322033898305086,0.09322033898305085,0.0423728813559322,5S_rRNA
RF00001_ADZY02000105_1_148-264,0.05172413793103448,0.07758620689655173,0.07758620689655173,0.02586206896551724,0.04310344827586207,0.10344827586206896,0.09482758620689655,0.02586206896551724,0.09482758620689655,0.06896551724137931,0.10344827586206896,0.0603448275862069,0.04310344827586207,0.02586206896551724,0.05172413793103448,0.05172413793103448,5S_rRNA
RF00001_ABIM01037263_1_1357-1475,0.05084745762711865,0.06779661016949153,0.09322033898305085,0.05084745762711865,0.09322033898305085,0.07627118644067797,0.01694915254237288,0.059322033898305086,0.05084745762711865,0.0423728813559322,0.059322033898305086,0.07627118644067797,0.059322033898305086,0.059322033898305086,0.059322033898305086,0.0847457627118644,5S_rRNA
RF00001_AFTD01004355_1_52837-52955,0.0423728813559322,0.05084745762711865,0.06779661016949153,0.0847457627118644,0.03389830508474576,0.0423728813559322,0.00847457627118644,0.1016949152542373,0.0847457627118644,0.025423728813559324,0.07627118644067797,0.0847457627118644,0.0847457627118644,0.06779661016949153,0.11016949152542373,0.03389830508474576,5S_rRNA
RF00001_BN001306_1_1308904-1308785,0.025210084033613446,0.08403361344537816,0.06722689075630252,0.05042016806722689,0.06722689075630252,0.08403361344537816,0.058823529411764705,0.04201680672268908,0.04201680672268908,0.05042016806722689,0.08403361344537816,0.1092436974789916,0.08403361344537816,0.04201680672268908,0.07563025210084033,0.03361344537815126,5S_rRNA
RF00001_AP011532_1_1519171-1519051,0.058333333333333334,0.08333333333333333,0.058333333333333334,0.0,0.06666666666666667,0.175,0.10833333333333334,0.025,0.05,0.09166666666666666,0.1,0.05,0.025,0.03333333333333333,0.025,0.05,5S_rRNA
RF00001_AFXF01001119_1_3909-4025,0.1206896551724138,0.06896551724137931,0.05172413793103448,0.034482758620689655,0.034482758620689655,0.05172413793103448,0.02586206896551724,0.06896551724137931,0.04310344827586207,0.034482758620689655,0.10344827586206896,0.08620689655172414,0.07758620689655173,0.034482758620689655,0.07758620689655173,0.08620689655172414,5S_rRNA
RF00001_ABIM01045542_1_732-850,0.05084745762711865,0.06779661016949153,0.0847457627118644,0.059322033898305086,0.07627118644067797,0.025423728813559324,0.00847457627118644,0.07627118644067797,0.059322033898305086,0.0423728813559322,0.06779661016949153,0.09322033898305085,0.07627118644067797,0.05084745762711865,0.1016949152542373,0.059322033898305086,5S_rRNA
RF00001_CP000975_1_897165-897280,0.05217391304347826,0.0782608695652174,0.0782608695652174,0.043478260869565216,0.05217391304347826,0.09565217391304348,0.0782608695652174,0.017391304347826087,0.10434782608695652,0.02608695652173913,0.06956521739130435,0.10434782608695652,0.05217391304347826,0.043478260869565216,0.0782608695652174,0.02608695652173913,5S_rRNA
RF00001_L27343_1_3-115,0.05357142857142857,0.07142857142857142,0.09821428571428571,0.008928571428571428,0.05357142857142857,0.11607142857142858,0.08035714285714286,0.05357142857142857,0.08928571428571429,0.08928571428571429,0.11607142857142858,0.044642857142857144,0.03571428571428571,0.03571428571428571,0.03571428571428571,0.017857142857142856,5S_rRNA
RF00001_AFSQ01026495_1_2321-2439,0.1016949152542373,0.05084745762711865,0.05084745762711865,0.11016949152542373,0.06779661016949153,0.059322033898305086,0.03389830508474576,0.03389830508474576,0.0847457627118644,0.025423728813559324,0.059322033898305086,0.06779661016949153,0.059322033898305086,0.06779661016949153,0.0847457627118644,0.0423728813559322,5S_rRNA
RF00001_ABIM01029736_1_2487-2605,0.059322033898305086,0.059322033898305086,0.06779661016949153,0.06779661016949153,0.0423728813559322,0.059322033898305086,0.0423728813559322,0.09322033898305085,0.06779661016949153,0.03389830508474576,0.025423728813559324,0.0847457627118644,0.0847457627118644,0.0847457627118644,0.06779661016949153,0.059322033898305086,5S_rRNA
RF00001_ABIM01035232_1_1506-1624,0.07627118644067797,0.07627118644067797,0.06779661016949153,0.059322033898305086,0.059322033898305086,0.0423728813559322,0.025423728813559324,0.059322033898305086,0.059322033898305086,0.01694915254237288,0.06779661016949153,0.07627118644067797,0.07627118644067797,0.05084745762711865,0.059322033898305086,0.1271186440677966,5S_rRNA
RF00001_ABIM01032167_1_1113-995,0.05084745762711865,0.0847457627118644,0.07627118644067797,0.0423728813559322,0.0847457627118644,0.03389830508474576,0.025423728813559324,0.0847457627118644,0.059322033898305086,0.059322033898305086,0.0423728813559322,0.0847457627118644,0.059322033898305086,0.05084745762711865,0.1016949152542373,0.059322033898305086,5S_rRNA
RF00001_ABIM01034152_1_3334-3216,0.059322033898305086,0.059322033898305086,0.07627118644067797,0.06779661016949153,0.07627118644067797,0.07627118644067797,0.03389830508474576,0.059322033898305086,0.06779661016949153,0.0423728813559322,0.0423728813559322,0.07627118644067797,0.059322033898305086,0.06779661016949153,0.07627118644067797,0.059322033898305086,5S_rRNA
RF00001_AEOD01008754_1_837-963,0.0873015873015873,0.07142857142857142,0.047619047619047616,0.03968253968253968,0.06349206349206349,0.07936507936507936,0.0873015873015873,0.047619047619047616,0.03968253968253968,0.07936507936507936,0.09523809523809523,0.07936507936507936,0.06349206349206349,0.047619047619047616,0.05555555555555555,0.015873015873015872,5S_rRNA
RF00001_AAYZ01113510_1_601-461,0.02857142857142857,0.05714285714285714,0.05714285714285714,0.04285714285714286,0.07142857142857142,0.08571428571428572,0.04285714285714286,0.1,0.05,0.10714285714285714,0.08571428571428572,0.04285714285714286,0.03571428571428571,0.05,0.09285714285714286,0.05,5S_rRNA
RF00001_ABIM01011438_1_1196-1314,0.07627118644067797,0.025423728813559324,0.07627118644067797,0.0847457627118644,0.059322033898305086,0.05084745762711865,0.025423728813559324,0.06779661016949153,0.07627118644067797,0.0423728813559322,0.0423728813559322,0.0847457627118644,0.059322033898305086,0.0847457627118644,0.09322033898305085,0.05084745762711865,5S_rRNA
RF00001_ABQO010207481_1_4-122,0.059322033898305086,0.06779661016949153,0.07627118644067797,0.059322033898305086,0.06779661016949153,0.0423728813559322,0.00847457627118644,0.1016949152542373,0.0423728813559322,0.0423728813559322,0.09322033898305085,0.07627118644067797,0.0847457627118644,0.06779661016949153,0.07627118644067797,0.03389830508474576,5S_rRNA
RF00001_AJ937766_1_1050-1166,0.017241379310344827,0.05172413793103448,0.06896551724137931,0.02586206896551724,0.02586206896551724,0.10344827586206896,0.11206896551724138,0.05172413793103448,0.07758620689655173,0.06896551724137931,0.12931034482758622,0.07758620689655173,0.04310344827586207,0.0603448275862069,0.04310344827586207,0.04310344827586207,5S_rRNA
RF00001_ABIM01045107_1_625-774,0.04697986577181208,0.04697986577181208,0.0738255033557047,0.06711409395973154,0.06040268456375839,0.053691275167785234,0.040268456375838924,0.087248322147651,0.053691275167785234,0.04697986577181208,0.06711409395973154,0.06040268456375839,0.06711409395973154,0.09395973154362416,0.04697986577181208,0.087248322147651,5S_rRNA
RF00001_AACY021680068_1_650-535,0.06956521739130435,0.06086956521739131,0.06956521739130435,0.06086956521739131,0.06086956521739131,0.0782608695652174,0.05217391304347826,0.05217391304347826,0.06956521739130435,0.06086956521739131,0.05217391304347826,0.06086956521739131,0.06086956521739131,0.043478260869565216,0.06956521739130435,0.0782608695652174,5S_rRNA
RF00001_AFSQ01020346_1_29687-29563,0.10483870967741936,0.04838709677419355,0.04838709677419355,0.0967741935483871,0.04838709677419355,0.04032258064516129,0.03225806451612903,0.07258064516129033,0.08064516129032258,0.04838709677419355,0.04838709677419355,0.04838709677419355,0.06451612903225806,0.056451612903225805,0.0967741935483871,0.06451612903225806,5S_rRNA
RF00001_AFSQ01027443_1_3987-4111,0.08870967741935484,0.06451612903225806,0.06451612903225806,0.07258064516129033,0.06451612903225806,0.056451612903225805,0.016129032258064516,0.07258064516129033,0.06451612903225806,0.04032258064516129,0.056451612903225805,0.056451612903225805,0.07258064516129033,0.056451612903225805,0.08064516129032258,0.07258064516129033,5S_rRNA
RF00001_AFHM01000003_1_302847-302732,0.09565217391304348,0.06956521739130435,0.08695652173913043,0.06956521739130435,0.06086956521739131,0.05217391304347826,0.043478260869565216,0.043478260869565216,0.08695652173913043,0.034782608695652174,0.06956521739130435,0.06086956521739131,0.0782608695652174,0.043478260869565216,0.05217391304347826,0.05217391304347826,5S_rRNA
RF00001_AACY023922538_1_853-739,0.06140350877192982,0.07017543859649122,0.10526315789473684,0.02631578947368421,0.05263157894736842,0.06140350877192982,0.08771929824561403,0.03508771929824561,0.10526315789473684,0.06140350877192982,0.06140350877192982,0.07894736842105263,0.043859649122807015,0.043859649122807015,0.05263157894736842,0.05263157894736842,5S_rRNA
RF00001_ABIM01022246_1_3215-3099,0.07758620689655173,0.04310344827586207,0.06896551724137931,0.11206896551724138,0.0603448275862069,0.04310344827586207,0.02586206896551724,0.05172413793103448,0.08620689655172414,0.02586206896551724,0.02586206896551724,0.07758620689655173,0.07758620689655173,0.06896551724137931,0.09482758620689655,0.0603448275862069,5S_rRNA
RF00001_AASG02000803_1_15364-15485,0.05785123966942149,0.049586776859504134,0.08264462809917356,0.0743801652892562,0.05785123966942149,0.049586776859504134,0.03305785123966942,0.04132231404958678,0.09917355371900827,0.03305785123966942,0.0743801652892562,0.06611570247933884,0.049586776859504134,0.049586776859504134,0.0743801652892562,0.10743801652892562,5S_rRNA
RF00001_CABJ01001521_1_94953-95072,0.09243697478991597,0.03361344537815126,0.06722689075630252,0.07563025210084033,0.05042016806722689,0.05042016806722689,0.058823529411764705,0.04201680672268908,0.07563025210084033,0.07563025210084033,0.058823529411764705,0.07563025210084033,0.05042016806722689,0.05042016806722689,0.09243697478991597,0.05042016806722689,5S_rRNA
RF00001_ABIM01042011_1_1461-1579,0.06779661016949153,0.07627118644067797,0.07627118644067797,0.06779661016949153,0.06779661016949153,0.0423728813559322,0.01694915254237288,0.07627118644067797,0.06779661016949153,0.0423728813559322,0.0423728813559322,0.06779661016949153,0.0847457627118644,0.0423728813559322,0.0847457627118644,0.07627118644067797,5S_rRNA
RF00001_D90255_1_422-538,0.04310344827586207,0.04310344827586207,0.06896551724137931,0.07758620689655173,0.0603448275862069,0.07758620689655173,0.0603448275862069,0.04310344827586207,0.08620689655172414,0.04310344827586207,0.10344827586206896,0.0603448275862069,0.04310344827586207,0.06896551724137931,0.0603448275862069,0.0603448275862069,5S_rRNA
RF00001_AACY023366622_1_952-836,0.06896551724137931,0.0603448275862069,0.06896551724137931,0.06896551724137931,0.07758620689655173,0.04310344827586207,0.04310344827586207,0.05172413793103448,0.06896551724137931,0.04310344827586207,0.034482758620689655,0.09482758620689655,0.05172413793103448,0.07758620689655173,0.09482758620689655,0.05172413793103448,5S_rRNA
RF00001_AJ245645_1_8684-8800,0.1206896551724138,0.0603448275862069,0.0603448275862069,0.05172413793103448,0.04310344827586207,0.0603448275862069,0.034482758620689655,0.06896551724137931,0.06896551724137931,0.05172413793103448,0.09482758620689655,0.05172413793103448,0.0603448275862069,0.02586206896551724,0.07758620689655173,0.06896551724137931,5S_rRNA
RF00001_HE601630_1_4056357-4056555,0.05555555555555555,0.08585858585858586,0.025252525252525252,0.08585858585858586,0.09595959595959595,0.045454545454545456,0.06060606060606061,0.04040404040404041,0.025252525252525252,0.07575757575757576,0.08080808080808081,0.050505050505050504,0.07575757575757576,0.03535353535353535,0.06060606060606061,0.10101010101010101,5S_rRNA
RF00001_AFSA01076588_1_1619-1739,0.09166666666666666,0.075,0.058333333333333334,0.1,0.09166666666666666,0.08333333333333333,0.05,0.041666666666666664,0.06666666666666667,0.075,0.041666666666666664,0.025,0.075,0.041666666666666664,0.05,0.03333333333333333,5S_rRNA
RF00001_ABPR01011380_1_21-137,0.05172413793103448,0.04310344827586207,0.06896551724137931,0.06896551724137931,0.07758620689655173,0.07758620689655173,0.0603448275862069,0.05172413793103448,0.05172413793103448,0.09482758620689655,0.08620689655172414,0.05172413793103448,0.05172413793103448,0.05172413793103448,0.0603448275862069,0.05172413793103448,5S_rRNA
RF00001_ABIM01040195_1_649-766,0.05982905982905983,0.06837606837606838,0.07692307692307693,0.06837606837606838,0.07692307692307693,0.05982905982905983,0.017094017094017096,0.05982905982905983,0.02564102564102564,0.03418803418803419,0.03418803418803419,0.10256410256410256,0.1111111111111111,0.05128205128205128,0.07692307692307693,0.07692307692307693,5S_rRNA
RF00001_ACFV01052366_1_7443-7561,0.03389830508474576,0.059322033898305086,0.059322033898305086,0.0847457627118644,0.06779661016949153,0.0423728813559322,0.01694915254237288,0.1016949152542373,0.059322033898305086,0.05084745762711865,0.07627118644067797,0.059322033898305086,0.06779661016949153,0.07627118644067797,0.09322033898305085,0.05084745762711865,5S_rRNA
RF00001_AFSQ01021894_1_2591-2473,0.06779661016949153,0.09322033898305085,0.06779661016949153,0.06779661016949153,0.0847457627118644,0.0423728813559322,0.03389830508474576,0.059322033898305086,0.07627118644067797,0.0423728813559322,0.03389830508474576,0.06779661016949153,0.059322033898305086,0.05084745762711865,0.0847457627118644,0.06779661016949153,5S_rRNA
RF00001_AJ937767_1_1008-1124,0.06896551724137931,0.0603448275862069,0.09482758620689655,0.04310344827586207,0.08620689655172414,0.034482758620689655,0.034482758620689655,0.05172413793103448,0.06896551724137931,0.06896551724137931,0.08620689655172414,0.06896551724137931,0.04310344827586207,0.05172413793103448,0.07758620689655173,0.0603448275862069,5S_rRNA
RF00001_AJ937763_1_1165-1281,0.04310344827586207,0.10344827586206896,0.06896551724137931,0.02586206896551724,0.06896551724137931,0.06896551724137931,0.06896551724137931,0.04310344827586207,0.05172413793103448,0.034482758620689655,0.07758620689655173,0.11206896551724138,0.07758620689655173,0.04310344827586207,0.0603448275862069,0.05172413793103448,5S_rRNA
RF00001_ABQF01061251_1_2150-2267,0.02564102564102564,0.042735042735042736,0.06837606837606838,0.042735042735042736,0.042735042735042736,0.10256410256410256,0.03418803418803419,0.10256410256410256,0.05982905982905983,0.09401709401709402,0.08547008547008547,0.06837606837606838,0.05128205128205128,0.042735042735042736,0.1111111111111111,0.02564102564102564,5S_rRNA
RF00001_ABIM01037979_1_513-631,0.0847457627118644,0.0423728813559322,0.059322033898305086,0.11016949152542373,0.059322033898305086,0.0423728813559322,0.025423728813559324,0.05084745762711865,0.06779661016949153,0.025423728813559324,0.0847457627118644,0.059322033898305086,0.07627118644067797,0.06779661016949153,0.06779661016949153,0.07627118644067797,5S_rRNA
RF00001_ADFJ01002926_1_13664-13786,0.09836065573770492,0.05737704918032787,0.05737704918032787,0.04918032786885246,0.05737704918032787,0.11475409836065574,0.01639344262295082,0.07377049180327869,0.06557377049180328,0.040983606557377046,0.09836065573770492,0.05737704918032787,0.040983606557377046,0.04918032786885246,0.08196721311475409,0.040983606557377046,5S_rRNA
RF00001_ABRP01267236_1_51-169,0.025423728813559324,0.05084745762711865,0.1016949152542373,0.05084745762711865,0.059322033898305086,0.059322033898305086,0.0423728813559322,0.09322033898305085,0.0847457627118644,0.0847457627118644,0.059322033898305086,0.05084745762711865,0.059322033898305086,0.059322033898305086,0.07627118644067797,0.0423728813559322,5S_rRNA
RF00001_ABIM01039553_1_1816-1932,0.05172413793103448,0.05172413793103448,0.0603448275862069,0.06896551724137931,0.0603448275862069,0.0603448275862069,0.034482758620689655,0.0603448275862069,0.05172413793103448,0.04310344827586207,0.06896551724137931,0.09482758620689655,0.06896551724137931,0.0603448275862069,0.09482758620689655,0.06896551724137931,5S_rRNA
RF00001_CP002305_1_3157590-3157701,0.04504504504504504,0.06306306306306306,0.09009009009009009,0.05405405405405406,0.08108108108108109,0.09009009009009009,0.05405405405405406,0.02702702702702703,0.07207207207207207,0.036036036036036036,0.09009009009009009,0.08108108108108109,0.05405405405405406,0.05405405405405406,0.04504504504504504,0.06306306306306306,5S_rRNA
RF00001_ABRP01251367_1_3925-3807,0.05084745762711865,0.07627118644067797,0.0847457627118644,0.03389830508474576,0.07627118644067797,0.06779661016949153,0.025423728813559324,0.0847457627118644,0.07627118644067797,0.059322033898305086,0.0847457627118644,0.059322033898305086,0.0423728813559322,0.05084745762711865,0.0847457627118644,0.0423728813559322,5S_rRNA
RF00001_CAAA01007907_1_2012-1894,0.059322033898305086,0.059322033898305086,0.07627118644067797,0.05084745762711865,0.0847457627118644,0.11016949152542373,0.01694915254237288,0.07627118644067797,0.05084745762711865,0.06779661016949153,0.09322033898305085,0.0423728813559322,0.0423728813559322,0.05084745762711865,0.06779661016949153,0.05084745762711865,5S_rRNA
RF00001_ABRP01095226_1_2544-2675,0.06870229007633588,0.06870229007633588,0.09923664122137404,0.04580152671755725,0.06870229007633588,0.061068702290076333,0.022900763358778626,0.06870229007633588,0.06870229007633588,0.04580152671755725,0.10687022900763359,0.06870229007633588,0.06870229007633588,0.04580152671755725,0.06870229007633588,0.022900763358778626,5S_rRNA
RF00001_AFYH01122757_1_9591-9724,0.06766917293233082,0.07518796992481203,0.06766917293233082,0.06766917293233082,0.06766917293233082,0.06015037593984962,0.0,0.08270676691729323,0.06766917293233082,0.045112781954887216,0.11278195488721804,0.05263157894736842,0.07518796992481203,0.03007518796992481,0.10526315789473684,0.022556390977443608,5S_rRNA
RF00001_ABRQ01319544_1_12267-12384,0.03418803418803419,0.07692307692307693,0.05128205128205128,0.02564102564102564,0.07692307692307693,0.05982905982905983,0.017094017094017096,0.11965811965811966,0.03418803418803419,0.08547008547008547,0.13675213675213677,0.06837606837606838,0.042735042735042736,0.05128205128205128,0.1111111111111111,0.008547008547008548,5S_rRNA
RF00001_ABRP01080668_1_3845-3712,0.045112781954887216,0.06766917293233082,0.08270676691729323,0.03759398496240601,0.045112781954887216,0.08270676691729323,0.03759398496240601,0.08270676691729323,0.09774436090225563,0.05263157894736842,0.11278195488721804,0.05263157894736842,0.045112781954887216,0.045112781954887216,0.08270676691729323,0.03007518796992481,5S_rRNA
RF00001_AC233845_7_64124-64246,0.04918032786885246,0.05737704918032787,0.05737704918032787,0.08196721311475409,0.06557377049180328,0.04918032786885246,0.040983606557377046,0.06557377049180328,0.06557377049180328,0.07377049180327869,0.03278688524590164,0.04918032786885246,0.05737704918032787,0.04918032786885246,0.09016393442622951,0.11475409836065574,5S_rRNA
RF00001_AAPE02023522_1_17282-17401,0.058823529411764705,0.058823529411764705,0.07563025210084033,0.08403361344537816,0.058823529411764705,0.06722689075630252,0.008403361344537815,0.07563025210084033,0.08403361344537816,0.03361344537815126,0.07563025210084033,0.058823529411764705,0.06722689075630252,0.05042016806722689,0.09243697478991597,0.05042016806722689,5S_rRNA
RF00001_ABIM01031837_1_630-511,0.05042016806722689,0.04201680672268908,0.08403361344537816,0.08403361344537816,0.06722689075630252,0.04201680672268908,0.04201680672268908,0.058823529411764705,0.08403361344537816,0.06722689075630252,0.06722689075630252,0.03361344537815126,0.06722689075630252,0.058823529411764705,0.05042016806722689,0.10084033613445378,5S_rRNA
RF00001_AACY023431776_1_1458-1570,0.044642857142857144,0.026785714285714284,0.08928571428571429,0.044642857142857144,0.044642857142857144,0.08928571428571429,0.0625,0.0625,0.05357142857142857,0.08928571428571429,0.07142857142857142,0.08035714285714286,0.0625,0.05357142857142857,0.07142857142857142,0.05357142857142857,5S_rRNA
RF00001_AAPN01065148_1_17194-17076,0.03389830508474576,0.025423728813559324,0.059322033898305086,0.06779661016949153,0.03389830508474576,0.0423728813559322,0.00847457627118644,0.09322033898305085,0.059322033898305086,0.06779661016949153,0.1016949152542373,0.07627118644067797,0.059322033898305086,0.0423728813559322,0.1271186440677966,0.1016949152542373,5S_rRNA
RF00001_ABRQ01620034_1_557-675,0.05084745762711865,0.059322033898305086,0.09322033898305085,0.025423728813559324,0.0423728813559322,0.0847457627118644,0.03389830508474576,0.1016949152542373,0.06779661016949153,0.07627118644067797,0.09322033898305085,0.059322033898305086,0.06779661016949153,0.0423728813559322,0.06779661016949153,0.03389830508474576,5S_rRNA
RF00001_ABDC01104230_1_423-541,0.0423728813559322,0.06779661016949153,0.07627118644067797,0.06779661016949153,0.05084745762711865,0.059322033898305086,0.0,0.1016949152542373,0.0847457627118644,0.0423728813559322,0.07627118644067797,0.059322033898305086,0.0847457627118644,0.0423728813559322,0.1016949152542373,0.0423728813559322,5S_rRNA
RF00001_CP000771_1_808603-808487,0.05172413793103448,0.0603448275862069,0.07758620689655173,0.02586206896551724,0.034482758620689655,0.11206896551724138,0.09482758620689655,0.04310344827586207,0.06896551724137931,0.09482758620689655,0.11206896551724138,0.06896551724137931,0.0603448275862069,0.008620689655172414,0.06896551724137931,0.017241379310344827,5S_rRNA
RF00001_CP002686_1_13801170-13801278,0.05555555555555555,0.05555555555555555,0.08333333333333333,0.12037037037037036,0.10185185185185185,0.037037037037037035,0.018518518518518517,0.027777777777777776,0.05555555555555555,0.06481481481481481,0.018518518518518517,0.06481481481481481,0.09259259259259259,0.037037037037037035,0.08333333333333333,0.08333333333333333,5S_rRNA
RF00001_AEKZ01006263_1_12360-12479,0.1092436974789916,0.058823529411764705,0.025210084033613446,0.09243697478991597,0.04201680672268908,0.058823529411764705,0.04201680672268908,0.058823529411764705,0.05042016806722689,0.04201680672268908,0.04201680672268908,0.07563025210084033,0.08403361344537816,0.04201680672268908,0.09243697478991597,0.08403361344537816,5S_rRNA
RF00001_AAYZ01246220_1_4022-3882,0.02857142857142857,0.05714285714285714,0.07857142857142857,0.05,0.07142857142857142,0.07142857142857142,0.04285714285714286,0.08571428571428572,0.07142857142857142,0.06428571428571428,0.1,0.05714285714285714,0.05,0.07857142857142857,0.06428571428571428,0.02857142857142857,5S_rRNA
RF00001_ABRN01195839_1_3487-3605,0.03389830508474576,0.05084745762711865,0.0847457627118644,0.0423728813559322,0.07627118644067797,0.0847457627118644,0.03389830508474576,0.07627118644067797,0.0423728813559322,0.0847457627118644,0.09322033898305085,0.07627118644067797,0.05084745762711865,0.05084745762711865,0.0847457627118644,0.03389830508474576,5S_rRNA
RF00001_AAWZ02015333_1_85233-85115,0.0847457627118644,0.05084745762711865,0.0847457627118644,0.06779661016949153,0.07627118644067797,0.059322033898305086,0.0,0.0847457627118644,0.05084745762711865,0.06779661016949153,0.09322033898305085,0.0423728813559322,0.0847457627118644,0.0423728813559322,0.06779661016949153,0.0423728813559322,5S_rRNA
RF00001_DAAA02050422_1_71769-71654,0.06086956521739131,0.06086956521739131,0.0782608695652174,0.0782608695652174,0.05217391304347826,0.05217391304347826,0.008695652173913044,0.09565217391304348,0.06956521739130435,0.034782608695652174,0.06086956521739131,0.06956521739130435,0.08695652173913043,0.06086956521739131,0.08695652173913043,0.043478260869565216,5S_rRNA
RF00001_ABGP01000333_1_317331-317450,0.05042016806722689,0.03361344537815126,0.09243697478991597,0.1092436974789916,0.05042016806722689,0.05042016806722689,0.05042016806722689,0.05042016806722689,0.09243697478991597,0.058823529411764705,0.03361344537815126,0.058823529411764705,0.09243697478991597,0.058823529411764705,0.058823529411764705,0.058823529411764705,5S_rRNA
RF00001_AGCE01062784_1_29175-29293,0.05084745762711865,0.059322033898305086,0.059322033898305086,0.059322033898305086,0.03389830508474576,0.1016949152542373,0.0,0.11864406779661017,0.07627118644067797,0.059322033898305086,0.07627118644067797,0.0423728813559322,0.06779661016949153,0.03389830508474576,0.11016949152542373,0.05084745762711865,5S_rRNA
RF00001_AGBW01009189_1_6391-6270,0.09090909090909091,0.05785123966942149,0.04132231404958678,0.05785123966942149,0.04132231404958678,0.049586776859504134,0.09917355371900827,0.01652892561983471,0.04132231404958678,0.05785123966942149,0.09090909090909091,0.10743801652892562,0.06611570247933884,0.04132231404958678,0.06611570247933884,0.0743801652892562,5S_rRNA
RF00001_AAGU03024996_1_38800-38917,0.05128205128205128,0.07692307692307693,0.07692307692307693,0.05982905982905983,0.05128205128205128,0.05128205128205128,0.03418803418803419,0.08547008547008547,0.06837606837606838,0.05982905982905983,0.08547008547008547,0.05128205128205128,0.09401709401709402,0.03418803418803419,0.05982905982905983,0.05982905982905983,5S_rRNA
RF00001_CP002458_1_176556-176450,0.05660377358490566,0.04716981132075472,0.10377358490566038,0.0660377358490566,0.04716981132075472,0.09433962264150944,0.03773584905660377,0.04716981132075472,0.09433962264150944,0.04716981132075472,0.07547169811320754,0.04716981132075472,0.07547169811320754,0.03773584905660377,0.04716981132075472,0.07547169811320754,5S_rRNA
RF00001_BADR02001163_1_93084-92966,0.07627118644067797,0.0847457627118644,0.05084745762711865,0.0423728813559322,0.06779661016949153,0.059322033898305086,0.03389830508474576,0.07627118644067797,0.0423728813559322,0.05084745762711865,0.07627118644067797,0.05084745762711865,0.06779661016949153,0.0423728813559322,0.059322033898305086,0.11864406779661017,5S_rRNA
RF00001_CAAA01181858_1_27900-28019,0.05042016806722689,0.06722689075630252,0.07563025210084033,0.06722689075630252,0.07563025210084033,0.07563025210084033,0.008403361344537815,0.08403361344537816,0.058823529411764705,0.04201680672268908,0.09243697478991597,0.05042016806722689,0.07563025210084033,0.06722689075630252,0.06722689075630252,0.04201680672268908,5S_rRNA
RF00001_AFSQ01031993_1_354-472,0.0423728813559322,0.1016949152542373,0.03389830508474576,0.0847457627118644,0.0847457627118644,0.07627118644067797,0.0423728813559322,0.07627118644067797,0.06779661016949153,0.025423728813559324,0.05084745762711865,0.059322033898305086,0.07627118644067797,0.07627118644067797,0.06779661016949153,0.03389830508474576,5S_rRNA
RF00001_AAGU03086086_1_29390-29498,0.05555555555555555,0.06481481481481481,0.09259259259259259,0.046296296296296294,0.06481481481481481,0.046296296296296294,0.027777777777777776,0.08333333333333333,0.07407407407407407,0.046296296296296294,0.06481481481481481,0.08333333333333333,0.06481481481481481,0.06481481481481481,0.07407407407407407,0.046296296296296294,5S_rRNA
RF00001_AFYH01129776_1_2116-2240,0.04032258064516129,0.04032258064516129,0.0967741935483871,0.04032258064516129,0.07258064516129033,0.08870967741935484,0.03225806451612903,0.08064516129032258,0.04838709677419355,0.08064516129032258,0.11290322580645161,0.056451612903225805,0.056451612903225805,0.06451612903225806,0.056451612903225805,0.03225806451612903,5S_rRNA
RF00001_ABRP01245657_1_2176-2058,0.07627118644067797,0.05084745762711865,0.09322033898305085,0.05084745762711865,0.05084745762711865,0.0847457627118644,0.01694915254237288,0.06779661016949153,0.1016949152542373,0.06779661016949153,0.059322033898305086,0.0423728813559322,0.0423728813559322,0.01694915254237288,0.1016949152542373,0.07627118644067797,5S_rRNA
RF00001_AAFT01000066_1_5664-5541,0.08943089430894309,0.04878048780487805,0.06504065040650407,0.06504065040650407,0.08130081300813008,0.07317073170731707,0.04878048780487805,0.032520325203252036,0.056910569105691054,0.06504065040650407,0.04065040650406504,0.08943089430894309,0.04065040650406504,0.04878048780487805,0.08943089430894309,0.06504065040650407,5S_rRNA
RF00001_AAWZ02023870_1_19810-19692,0.11016949152542373,0.0423728813559322,0.09322033898305085,0.05084745762711865,0.06779661016949153,0.059322033898305086,0.0,0.07627118644067797,0.06779661016949153,0.06779661016949153,0.07627118644067797,0.059322033898305086,0.059322033898305086,0.03389830508474576,0.09322033898305085,0.0423728813559322,5S_rRNA
RF00001_AAFR03031251_1_53404-53286,0.09322033898305085,0.0423728813559322,0.059322033898305086,0.0847457627118644,0.0423728813559322,0.059322033898305086,0.0,0.09322033898305085,0.059322033898305086,0.059322033898305086,0.09322033898305085,0.0423728813559322,0.0847457627118644,0.03389830508474576,0.09322033898305085,0.059322033898305086,5S_rRNA
RF00001_AAKN02027621_1_235075-234945,0.07692307692307693,0.05384615384615385,0.05384615384615385,0.08461538461538462,0.06153846153846154,0.06923076923076923,0.023076923076923078,0.06923076923076923,0.07692307692307693,0.038461538461538464,0.08461538461538462,0.046153846153846156,0.046153846153846156,0.06153846153846154,0.09230769230769231,0.06153846153846154,5S_rRNA
RF00001_AFYH01144979_1_725-597,0.046875,0.046875,0.0703125,0.078125,0.0703125,0.0625,0.0078125,0.0703125,0.0546875,0.0390625,0.125,0.0625,0.0625,0.0703125,0.078125,0.0546875,5S_rRNA
RF00001_AFYH01166467_1_4673-4555,0.059322033898305086,0.05084745762711865,0.1016949152542373,0.025423728813559324,0.059322033898305086,0.05084745762711865,0.0,0.0847457627118644,0.059322033898305086,0.0423728813559322,0.1440677966101695,0.09322033898305085,0.05084745762711865,0.059322033898305086,0.09322033898305085,0.025423728813559324,5S_rRNA
RF00001_AAWZ02022332_1_7843-7719,0.06451612903225806,0.04838709677419355,0.08064516129032258,0.056451612903225805,0.06451612903225806,0.10483870967741936,0.016129032258064516,0.08064516129032258,0.08870967741935484,0.056451612903225805,0.08870967741935484,0.04838709677419355,0.03225806451612903,0.04838709677419355,0.0967741935483871,0.024193548387096774,5S_rRNA
RF00001_AACY023139134_1_588-478,0.03636363636363636,0.06363636363636363,0.08181818181818182,0.05454545454545454,0.07272727272727272,0.05454545454545454,0.03636363636363636,0.03636363636363636,0.06363636363636363,0.045454545454545456,0.07272727272727272,0.09090909090909091,0.06363636363636363,0.045454545454545456,0.08181818181818182,0.1,5S_rRNA
RF00001_AFSA01035202_1_3469-3597,0.0546875,0.046875,0.109375,0.03125,0.0625,0.078125,0.0390625,0.0703125,0.0703125,0.0703125,0.0703125,0.0703125,0.0546875,0.0546875,0.0625,0.0546875,5S_rRNA
RF00001_AFYH01261371_1_4950-5072,0.08196721311475409,0.09016393442622951,0.09836065573770492,0.040983606557377046,0.09016393442622951,0.09836065573770492,0.0,0.09836065573770492,0.09016393442622951,0.04918032786885246,0.09016393442622951,0.01639344262295082,0.040983606557377046,0.04918032786885246,0.06557377049180328,0.0,5S_rRNA
RF00001_AAQR03134914_1_7289-7406,0.05128205128205128,0.09401709401709402,0.06837606837606838,0.042735042735042736,0.05128205128205128,0.042735042735042736,0.017094017094017096,0.1111111111111111,0.05982905982905983,0.042735042735042736,0.08547008547008547,0.05982905982905983,0.08547008547008547,0.042735042735042736,0.07692307692307693,0.06837606837606838,5S_rRNA
RF00001_AALT01655411_1_273-142,0.061068702290076333,0.05343511450381679,0.061068702290076333,0.061068702290076333,0.05343511450381679,0.0916030534351145,0.030534351145038167,0.09923664122137404,0.061068702290076333,0.04580152671755725,0.06870229007633588,0.04580152671755725,0.061068702290076333,0.07633587786259542,0.06870229007633588,0.061068702290076333,5S_rRNA
RF00001_AENI01006465_1_5050-4930,0.11666666666666667,0.10833333333333334,0.06666666666666667,0.06666666666666667,0.09166666666666666,0.058333333333333334,0.016666666666666666,0.05,0.08333333333333333,0.016666666666666666,0.03333333333333333,0.06666666666666667,0.058333333333333334,0.041666666666666664,0.08333333333333333,0.041666666666666664,5S_rRNA
RF00001_ACYX02074569_1_626-507,0.11764705882352941,0.06722689075630252,0.06722689075630252,0.08403361344537816,0.058823529411764705,0.04201680672268908,0.01680672268907563,0.07563025210084033,0.058823529411764705,0.025210084033613446,0.025210084033613446,0.058823529411764705,0.09243697478991597,0.058823529411764705,0.058823529411764705,0.09243697478991597,5S_rRNA
RF00001_ABIM01031075_1_5208-5087,0.05785123966942149,0.05785123966942149,0.11570247933884298,0.06611570247933884,0.08264462809917356,0.049586776859504134,0.03305785123966942,0.05785123966942149,0.0743801652892562,0.06611570247933884,0.049586776859504134,0.06611570247933884,0.09090909090909091,0.049586776859504134,0.049586776859504134,0.03305785123966942,5S_rRNA
RF00001_ACIV012048426_1_233-352,0.06722689075630252,0.05042016806722689,0.06722689075630252,0.11764705882352941,0.058823529411764705,0.025210084033613446,0.0,0.06722689075630252,0.09243697478991597,0.03361344537815126,0.09243697478991597,0.03361344537815126,0.08403361344537816,0.04201680672268908,0.09243697478991597,0.07563025210084033,5S_rRNA
RF00001_ADIH01017505_1_9707-9594,0.10619469026548672,0.061946902654867256,0.04424778761061947,0.08849557522123894,0.08849557522123894,0.02654867256637168,0.04424778761061947,0.04424778761061947,0.05309734513274336,0.02654867256637168,0.035398230088495575,0.07079646017699115,0.05309734513274336,0.08849557522123894,0.061946902654867256,0.10619469026548672,5S_rRNA
RF00001_AGKD01018840_1_14572-14454,0.059322033898305086,0.03389830508474576,0.07627118644067797,0.06779661016949153,0.03389830508474576,0.01694915254237288,0.01694915254237288,0.0847457627118644,0.05084745762711865,0.05084745762711865,0.06779661016949153,0.06779661016949153,0.0847457627118644,0.05084745762711865,0.07627118644067797,0.16101694915254236,5S_rRNA
RF00001_ADTU01010841_1_26971-26855,0.07758620689655173,0.07758620689655173,0.04310344827586207,0.08620689655172414,0.05172413793103448,0.034482758620689655,0.04310344827586207,0.05172413793103448,0.09482758620689655,0.008620689655172414,0.017241379310344827,0.08620689655172414,0.06896551724137931,0.0603448275862069,0.09482758620689655,0.10344827586206896,5S_rRNA
