nameseq,A,C,G,T,label
RF00001_AF095839_1_346-228,0.23529411764705882,0.2689075630252101,0.2773109243697479,0.2184873949579832,5S_rRNA
RF00001_AY245018_1_1-119,0.25210084033613445,0.25210084033613445,0.2689075630252101,0.226890756302521,5S_rRNA
RF00001_X52048_1_2-120,0.25210084033613445,0.24369747899159663,0.2689075630252101,0.23529411764705882,5S_rRNA
RF00001_M28193_1_1-119,0.25210084033613445,0.2184873949579832,0.2689075630252101,0.2605042016806723,5S_rRNA
RF00001_X14816_1_860-978,0.226890756302521,0.2857142857142857,0.29411764705882354,0.19327731092436976,5S_rRNA
RF00001_AB097401_2_3415-3533,0.3277310924369748,0.21008403361344538,0.226890756302521,0.23529411764705882,5S_rRNA
RF00001_ACCP01000158_1_30166-30284,0.2605042016806723,0.2605042016806723,0.2773109243697479,0.20168067226890757,5S_rRNA
RF00001_CACC01010173_1_7246-7364,0.3025210084033613,0.20168067226890757,0.2184873949579832,0.2773109243697479,5S_rRNA
RF00001_CP001322_1_4582189-4582073,0.20512820512820512,0.2905982905982906,0.3162393162393162,0.18803418803418803,5S_rRNA
RF00001_CP003008_1_1984726-1984845,0.23333333333333334,0.275,0.26666666666666666,0.225,5S_rRNA
RF00001_AEYK01000294_1_521-402,0.225,0.26666666666666666,0.2916666666666667,0.21666666666666667,5S_rRNA
RF00001_AACY023783641_1_828-944,0.20512820512820512,0.28205128205128205,0.3247863247863248,0.18803418803418803,5S_rRNA
RF00001_ABIM01035849_1_948-1066,0.2689075630252101,0.20168067226890757,0.2605042016806723,0.2689075630252101,5S_rRNA
RF00001_ABIM01034792_1_3110-3228,0.2773109243697479,0.19327731092436976,0.24369747899159663,0.2857142857142857,5S_rRNA
RF00001_JF281115_1_1-119,0.2184873949579832,0.2857142857142857,0.2773109243697479,0.2184873949579832,5S_rRNA
RF00001_BAAX01004047_1_556-672,0.23931623931623933,0.27350427350427353,0.3162393162393162,0.17094017094017094,5S_rRNA
RF00001_ABIM01025195_1_7691-7573,0.2773109243697479,0.20168067226890757,0.23529411764705882,0.2857142857142857,5S_rRNA
RF00001_ADZY02000105_1_148-264,0.23076923076923078,0.27350427350427353,0.3247863247863248,0.17094017094017094,5S_rRNA
RF00001_ABIM01037263_1_1357-1475,0.2605042016806723,0.24369747899159663,0.226890756302521,0.2689075630252101,5S_rRNA
RF00001_AFTD01004355_1_52837-52955,0.24369747899159663,0.18487394957983194,0.2689075630252101,0.3025210084033613,5S_rRNA
RF00001_BN001306_1_1308904-1308785,0.225,0.25833333333333336,0.2833333333333333,0.23333333333333334,5S_rRNA
RF00001_AP011532_1_1519171-1519051,0.19834710743801653,0.38016528925619836,0.2892561983471074,0.1322314049586777,5S_rRNA
RF00001_AFXF01001119_1_3909-4025,0.27350427350427353,0.18803418803418803,0.26495726495726496,0.27350427350427353,5S_rRNA
RF00001_ABIM01045542_1_732-850,0.2689075630252101,0.18487394957983194,0.2605042016806723,0.2857142857142857,5S_rRNA
RF00001_CP000975_1_897165-897280,0.25862068965517243,0.2413793103448276,0.3017241379310345,0.19827586206896552,5S_rRNA
RF00001_L27343_1_3-115,0.23008849557522124,0.30973451327433627,0.336283185840708,0.12389380530973451,5S_rRNA
RF00001_AFSQ01026495_1_2321-2439,0.31092436974789917,0.20168067226890757,0.23529411764705882,0.25210084033613445,5S_rRNA
RF00001_ABIM01029736_1_2487-2605,0.25210084033613445,0.23529411764705882,0.21008403361344538,0.3025210084033613,5S_rRNA
RF00001_ABIM01035232_1_1506-1624,0.2773109243697479,0.18487394957983194,0.2184873949579832,0.31932773109243695,5S_rRNA
RF00001_ABIM01032167_1_1113-995,0.2605042016806723,0.226890756302521,0.24369747899159663,0.2689075630252101,5S_rRNA
RF00001_ABIM01034152_1_3334-3216,0.2605042016806723,0.24369747899159663,0.23529411764705882,0.2605042016806723,5S_rRNA
RF00001_AEOD01008754_1_837-963,0.25196850393700787,0.2755905511811024,0.29133858267716534,0.18110236220472442,5S_rRNA
RF00001_AAYZ01113510_1_601-461,0.18439716312056736,0.2978723404255319,0.28368794326241137,0.23404255319148937,5S_rRNA
RF00001_ABIM01011438_1_1196-1314,0.2689075630252101,0.20168067226890757,0.24369747899159663,0.2857142857142857,5S_rRNA
RF00001_ABQO010207481_1_4-122,0.2605042016806723,0.2184873949579832,0.25210084033613445,0.2689075630252101,5S_rRNA
RF00001_AJ937766_1_1050-1166,0.1623931623931624,0.2905982905982906,0.3504273504273504,0.19658119658119658,5S_rRNA
RF00001_ABIM01045107_1_625-774,0.23333333333333334,0.24,0.22666666666666666,0.3,5S_rRNA
RF00001_AACY021680068_1_650-535,0.25862068965517243,0.25,0.2413793103448276,0.25,5S_rRNA
RF00001_AFSQ01020346_1_29687-29563,0.296,0.192,0.232,0.28,5S_rRNA
RF00001_AFSQ01027443_1_3987-4111,0.288,0.216,0.216,0.28,5S_rRNA
RF00001_AFHM01000003_1_302847-302732,0.31896551724137934,0.20689655172413793,0.25,0.22413793103448276,5S_rRNA
RF00001_AACY023922538_1_853-739,0.2608695652173913,0.23478260869565218,0.30434782608695654,0.2,5S_rRNA
RF00001_ABIM01022246_1_3215-3099,0.3076923076923077,0.1794871794871795,0.21367521367521367,0.29914529914529914,5S_rRNA
RF00001_AASG02000803_1_15364-15485,0.26229508196721313,0.18032786885245902,0.27049180327868855,0.28688524590163933,5S_rRNA
RF00001_CABJ01001521_1_94953-95072,0.26666666666666666,0.20833333333333334,0.2833333333333333,0.24166666666666667,5S_rRNA
RF00001_ABIM01042011_1_1461-1579,0.29411764705882354,0.20168067226890757,0.2184873949579832,0.2857142857142857,5S_rRNA
RF00001_D90255_1_422-538,0.23076923076923078,0.23931623931623933,0.2905982905982906,0.23931623931623933,5S_rRNA
RF00001_AACY023366622_1_952-836,0.26495726495726496,0.2222222222222222,0.23931623931623933,0.27350427350427353,5S_rRNA
RF00001_AJ245645_1_8684-8800,0.2905982905982906,0.20512820512820512,0.26495726495726496,0.23931623931623933,5S_rRNA
RF00001_HE601630_1_4056357-4056555,0.25125628140703515,0.24120603015075376,0.23115577889447236,0.27638190954773867,5S_rRNA
RF00001_AFSA01076588_1_1619-1739,0.32231404958677684,0.2727272727272727,0.2066115702479339,0.19834710743801653,5S_rRNA
RF00001_ABPR01011380_1_21-137,0.23076923076923078,0.26495726495726496,0.28205128205128205,0.2222222222222222,5S_rRNA
RF00001_ABIM01040195_1_649-766,0.2711864406779661,0.211864406779661,0.2033898305084746,0.3135593220338983,5S_rRNA
RF00001_ACFV01052366_1_7443-7561,0.23529411764705882,0.226890756302521,0.24369747899159663,0.29411764705882354,5S_rRNA
RF00001_AFSQ01021894_1_2591-2473,0.29411764705882354,0.226890756302521,0.2184873949579832,0.2605042016806723,5S_rRNA
RF00001_AJ937767_1_1008-1124,0.26495726495726496,0.21367521367521367,0.2905982905982906,0.23076923076923078,5S_rRNA
RF00001_AJ937763_1_1165-1281,0.23931623931623933,0.24786324786324787,0.27350427350427353,0.23931623931623933,5S_rRNA
RF00001_ABQF01061251_1_2150-2267,0.17796610169491525,0.2796610169491525,0.3050847457627119,0.23728813559322035,5S_rRNA
RF00001_ABIM01037979_1_513-631,0.29411764705882354,0.17647058823529413,0.23529411764705882,0.29411764705882354,5S_rRNA
RF00001_ADFJ01002926_1_13664-13786,0.2601626016260163,0.2601626016260163,0.2601626016260163,0.21951219512195122,5S_rRNA
RF00001_ABRP01267236_1_51-169,0.226890756302521,0.25210084033613445,0.2857142857142857,0.23529411764705882,5S_rRNA
RF00001_ABIM01039553_1_1816-1932,0.23076923076923078,0.21367521367521367,0.26495726495726496,0.2905982905982906,5S_rRNA
RF00001_CP002305_1_3157590-3157701,0.25,0.25,0.2767857142857143,0.22321428571428573,5S_rRNA
RF00001_ABRP01251367_1_3925-3807,0.24369747899159663,0.25210084033613445,0.2857142857142857,0.2184873949579832,5S_rRNA
RF00001_CAAA01007907_1_2012-1894,0.24369747899159663,0.2857142857142857,0.25210084033613445,0.2184873949579832,5S_rRNA
RF00001_ABRP01095226_1_2544-2675,0.2803030303030303,0.2196969696969697,0.29545454545454547,0.20454545454545456,5S_rRNA
RF00001_AFYH01122757_1_9591-9724,0.27611940298507465,0.208955223880597,0.2835820895522388,0.23134328358208955,5S_rRNA
RF00001_ABRQ01319544_1_12267-12384,0.1864406779661017,0.2711864406779661,0.3220338983050847,0.22033898305084745,5S_rRNA
RF00001_ABRP01080668_1_3845-3712,0.23134328358208955,0.2462686567164179,0.3208955223880597,0.20149253731343283,5S_rRNA
RF00001_AC233845_7_64124-64246,0.24390243902439024,0.22764227642276422,0.21951219512195122,0.3089430894308943,5S_rRNA
RF00001_AAPE02023522_1_17282-17401,0.275,0.20833333333333334,0.25,0.26666666666666666,5S_rRNA
RF00001_ABIM01031837_1_630-511,0.26666666666666666,0.20833333333333334,0.25,0.275,5S_rRNA
RF00001_AACY023431776_1_1458-1570,0.20353982300884957,0.25663716814159293,0.2920353982300885,0.24778761061946902,5S_rRNA
RF00001_AAPN01065148_1_17194-17076,0.18487394957983194,0.17647058823529413,0.3025210084033613,0.33613445378151263,5S_rRNA
RF00001_ABRQ01620034_1_557-675,0.226890756302521,0.2605042016806723,0.29411764705882354,0.2184873949579832,5S_rRNA
RF00001_ABDC01104230_1_423-541,0.2605042016806723,0.21008403361344538,0.2605042016806723,0.2689075630252101,5S_rRNA
RF00001_CP000771_1_808603-808487,0.21367521367521367,0.28205128205128205,0.3504273504273504,0.15384615384615385,5S_rRNA
RF00001_CP002686_1_13801170-13801278,0.3119266055045872,0.1926605504587156,0.2018348623853211,0.29357798165137616,5S_rRNA
RF00001_AEKZ01006263_1_12360-12479,0.2833333333333333,0.2,0.20833333333333334,0.30833333333333335,5S_rRNA
RF00001_AAYZ01246220_1_4022-3882,0.2198581560283688,0.2695035460992908,0.2907801418439716,0.2198581560283688,5S_rRNA
RF00001_ABRN01195839_1_3487-3605,0.21008403361344538,0.2689075630252101,0.29411764705882354,0.226890756302521,5S_rRNA
RF00001_AAWZ02015333_1_85233-85115,0.29411764705882354,0.2184873949579832,0.25210084033613445,0.23529411764705882,5S_rRNA
RF00001_DAAA02050422_1_71769-71654,0.27586206896551724,0.20689655172413793,0.23275862068965517,0.28448275862068967,5S_rRNA
RF00001_ABGP01000333_1_317331-317450,0.2833333333333333,0.2,0.24166666666666667,0.275,5S_rRNA
RF00001_AGCE01062784_1_29175-29293,0.226890756302521,0.25210084033613445,0.25210084033613445,0.2689075630252101,5S_rRNA
RF00001_AGBW01009189_1_6391-6270,0.2459016393442623,0.20491803278688525,0.29508196721311475,0.2540983606557377,5S_rRNA
RF00001_AAGU03024996_1_38800-38917,0.2627118644067797,0.22033898305084745,0.2627118644067797,0.2542372881355932,5S_rRNA
RF00001_CP002458_1_176556-176450,0.27102803738317754,0.22429906542056074,0.2616822429906542,0.24299065420560748,5S_rRNA
RF00001_BADR02001163_1_93084-92966,0.25210084033613445,0.23529411764705882,0.226890756302521,0.2857142857142857,5S_rRNA
RF00001_CAAA01181858_1_27900-28019,0.25833333333333336,0.25,0.24166666666666667,0.25,5S_rRNA
RF00001_AFSQ01031993_1_354-472,0.2689075630252101,0.2773109243697479,0.20168067226890757,0.25210084033613445,5S_rRNA
RF00001_AAGU03086086_1_29390-29498,0.25688073394495414,0.22018348623853212,0.26605504587155965,0.25688073394495414,5S_rRNA
RF00001_AFYH01129776_1_2116-2240,0.216,0.272,0.296,0.216,5S_rRNA
RF00001_ABRP01245657_1_2176-2058,0.2689075630252101,0.2184873949579832,0.2773109243697479,0.23529411764705882,5S_rRNA
RF00001_AAFT01000066_1_5664-5541,0.2661290322580645,0.23387096774193547,0.25,0.25,5S_rRNA
RF00001_AAWZ02023870_1_19810-19692,0.3025210084033613,0.20168067226890757,0.2689075630252101,0.226890756302521,5S_rRNA
RF00001_AAFR03031251_1_53404-53286,0.2773109243697479,0.19327731092436976,0.25210084033613445,0.2773109243697479,5S_rRNA
RF00001_AAKN02027621_1_235075-234945,0.26717557251908397,0.22137404580152673,0.25190839694656486,0.2595419847328244,5S_rRNA
RF00001_AFYH01144979_1_725-597,0.24031007751937986,0.21705426356589147,0.27906976744186046,0.26356589147286824,5S_rRNA
RF00001_AFYH01166467_1_4673-4555,0.23529411764705882,0.20168067226890757,0.33613445378151263,0.226890756302521,5S_rRNA
RF00001_AAWZ02022332_1_7843-7719,0.248,0.264,0.28,0.208,5S_rRNA
RF00001_AACY023139134_1_588-478,0.23423423423423423,0.2072072072072072,0.2702702702702703,0.2882882882882883,5S_rRNA
RF00001_AFSA01035202_1_3469-3597,0.24031007751937986,0.2558139534883721,0.27906976744186046,0.2248062015503876,5S_rRNA
RF00001_AFYH01261371_1_4950-5072,0.3089430894308943,0.2845528455284553,0.25203252032520324,0.15447154471544716,5S_rRNA
RF00001_AAQR03134914_1_7289-7406,0.2542372881355932,0.22033898305084745,0.2457627118644068,0.2796610169491525,5S_rRNA
RF00001_AALT01655411_1_273-142,0.23484848484848486,0.2727272727272727,0.22727272727272727,0.26515151515151514,5S_rRNA
RF00001_AENI01006465_1_5050-4930,0.35537190082644626,0.2231404958677686,0.19834710743801653,0.2231404958677686,5S_rRNA
RF00001_ACYX02074569_1_626-507,0.3333333333333333,0.19166666666666668,0.16666666666666666,0.30833333333333335,5S_rRNA
RF00001_ABIM01031075_1_5208-5087,0.30327868852459017,0.22131147540983606,0.2540983606557377,0.22131147540983606,5S_rRNA
RF00001_ACIV012048426_1_233-352,0.3,0.15,0.25,0.3,5S_rRNA
RF00001_ADIH01017505_1_9707-9594,0.30701754385964913,0.20175438596491227,0.18421052631578946,0.30701754385964913,5S_rRNA
RF00001_AGKD01018840_1_14572-14454,0.23529411764705882,0.15126050420168066,0.23529411764705882,0.37815126050420167,5S_rRNA
RF00001_ADTU01010841_1_26971-26855,0.2905982905982906,0.1794871794871795,0.20512820512820512,0.3247863247863248,5S_rRNA
RF00001_ABDC01150391_1_3463-3582,0.2833333333333333,0.19166666666666668,0.2833333333333333,0.24166666666666667,5S_rRNA
RF00001_AAQQ01594944_1_3072-2954,0.2689075630252101,0.25210084033613445,0.2689075630252101,0.21008403361344538,5S_rRNA
RF00001_AEVU01000229_1_11651-11546,0.2641509433962264,0.2358490566037736,0.24528301886792453,0.25471698113207547,5S_rRNA
RF00001_AP003781_3_109892-109772,0.21487603305785125,0.2231404958677686,0.256198347107438,0.30578512396694213,5S_rRNA
RF00001_ACYN01002340_1_38169-38050,0.275,0.2,0.21666666666666667,0.30833333333333335,5S_rRNA
RF00001_AFSQ01025905_1_5939-6057,0.31092436974789917,0.226890756302521,0.19327731092436976,0.2689075630252101,5S_rRNA
RF00001_AEHK01138253_1_16384-16286,0.25252525252525254,0.24242424242424243,0.31313131313131315,0.1919191919191919,5S_rRNA
RF00001_AFYH01217589_1_6066-6180,0.23478260869565218,0.24347826086956523,0.25217391304347825,0.26956521739130435,5S_rRNA
RF00001_AFYH01133529_1_4710-4845,0.22058823529411764,0.22794117647058823,0.27941176470588236,0.27205882352941174,5S_rRNA
RF00001_ABDC01294307_1_5171-5300,0.26153846153846155,0.24615384615384617,0.2153846153846154,0.27692307692307694,5S_rRNA
RF00001_ACFV01029752_1_21008-20884,0.24,0.224,0.256,0.28,5S_rRNA
RF00001_AANN01822558_1_2241-2118,0.25,0.22580645161290322,0.3064516129032258,0.21774193548387097,5S_rRNA
RF00001_AFYH01279366_1_2093-1975,0.226890756302521,0.226890756302521,0.2857142857142857,0.2605042016806723,5S_rRNA
RF00001_AACY023801784_1_1350-1237,0.17543859649122806,0.30701754385964913,0.2982456140350877,0.21929824561403508,5S_rRNA
RF00001_AFYH01001255_1_9946-9824,0.25203252032520324,0.3008130081300813,0.2764227642276423,0.17073170731707318,5S_rRNA
RF00001_AFSB01215111_1_24501-24394,0.3055555555555556,0.2037037037037037,0.2222222222222222,0.26851851851851855,5S_rRNA
RF00001_ABVD01501630_1_1126-1238,0.2743362831858407,0.22123893805309736,0.20353982300884957,0.3008849557522124,5S_rRNA
RF00001_AFAN01000259_1_28249-28378,0.24615384615384617,0.2230769230769231,0.2923076923076923,0.23846153846153847,5S_rRNA
RF00001_AAWZ02002679_1_7747-7865,0.2773109243697479,0.19327731092436976,0.25210084033613445,0.2773109243697479,5S_rRNA
RF00001_ABRP01159332_1_5198-5079,0.275,0.21666666666666667,0.25,0.25833333333333336,5S_rRNA
RF00001_AAGU03038479_1_5797-5911,0.23478260869565218,0.19130434782608696,0.28695652173913044,0.28695652173913044,5S_rRNA
RF00001_AFYH01251237_1_11143-11262,0.30833333333333335,0.2,0.24166666666666667,0.25,5S_rRNA
RF00001_AEHL01000842_1_3494-3602,0.26605504587155965,0.24770642201834864,0.27522935779816515,0.21100917431192662,5S_rRNA
RF00001_AAWZ02007895_1_148567-148449,0.31092436974789917,0.21008403361344538,0.226890756302521,0.25210084033613445,5S_rRNA
RF00001_ABRP01357198_1_179-305,0.28346456692913385,0.25984251968503935,0.2440944881889764,0.2125984251968504,5S_rRNA
RF00001_AAWZ02016698_1_151230-151347,0.2796610169491525,0.1694915254237288,0.288135593220339,0.2627118644067797,5S_rRNA
RF00001_AAWZ02005971_1_3072-3191,0.275,0.20833333333333334,0.23333333333333334,0.2833333333333333,5S_rRNA
RF00001_AAQR03161771_1_3748-3866,0.23529411764705882,0.19327731092436976,0.3277310924369748,0.24369747899159663,5S_rRNA
RF00001_AEHL01000817_1_2952-3070,0.2605042016806723,0.2184873949579832,0.25210084033613445,0.2689075630252101,5S_rRNA
RF00001_CAEA01541052_1_4407-4526,0.23333333333333334,0.2,0.2916666666666667,0.275,5S_rRNA
RF00001_AFYH01193784_1_375-252,0.25806451612903225,0.24193548387096775,0.2903225806451613,0.20967741935483872,5S_rRNA
RF00001_CP000745_1_1072326-1072439,0.21929824561403508,0.2894736842105263,0.2719298245614035,0.21929824561403508,5S_rRNA
RF00001_ABXI02000002_1_61013-61121,0.26605504587155965,0.21100917431192662,0.26605504587155965,0.25688073394495414,5S_rRNA
RF00001_AAWZ02011570_1_16112-16229,0.3305084745762712,0.2033898305084746,0.19491525423728814,0.2711864406779661,5S_rRNA
RF00001_AAFR03007511_1_401691-401574,0.2542372881355932,0.15254237288135594,0.2627118644067797,0.3305084745762712,5S_rRNA
RF00001_CP002688_1_12862356-12862216,0.24822695035460993,0.2198581560283688,0.24822695035460993,0.28368794326241137,5S_rRNA
RF00001_BACK01042616_1_7173-7293,0.2231404958677686,0.2231404958677686,0.2396694214876033,0.3140495867768595,5S_rRNA
RF00001_AFSQ01008798_1_1151-1248,0.23469387755102042,0.2653061224489796,0.22448979591836735,0.2755102040816326,5S_rRNA
RF00001_ACFV01081755_1_2662-2783,0.22950819672131148,0.23770491803278687,0.28688524590163933,0.2459016393442623,5S_rRNA
RF00001_AALT01654346_1_5947-6070,0.2903225806451613,0.20967741935483872,0.2903225806451613,0.20967741935483872,5S_rRNA
RF00001_AFYH01151512_1_2519-2649,0.24427480916030533,0.2595419847328244,0.26717557251908397,0.22900763358778625,5S_rRNA
RF00001_ABRP01170908_1_24726-24845,0.2916666666666667,0.18333333333333332,0.2916666666666667,0.23333333333333334,5S_rRNA
RF00001_CR847906_12_111272-111416,0.3793103448275862,0.13793103448275862,0.2482758620689655,0.23448275862068965,5S_rRNA
RF00001_CR931810_4_22720-22599,0.30327868852459017,0.1885245901639344,0.18032786885245902,0.32786885245901637,5S_rRNA
RF00001_AFYH01041351_1_10216-10337,0.23770491803278687,0.21311475409836064,0.3114754098360656,0.23770491803278687,5S_rRNA
RF00001_AERX01043468_2_7023-6915,0.23853211009174313,0.22935779816513763,0.26605504587155965,0.26605504587155965,5S_rRNA
RF00001_AC091627_2_56470-56354,0.358974358974359,0.21367521367521367,0.17094017094017094,0.2564102564102564,5S_rRNA
RF00001_ACYM01103871_1_7162-7282,0.2644628099173554,0.2066115702479339,0.23140495867768596,0.2975206611570248,5S_rRNA
RF00001_AACZ03013784_1_2110-2216,0.21495327102803738,0.2336448598130841,0.32710280373831774,0.22429906542056074,5S_rRNA
RF00001_ABRP01095388_1_1577-1452,0.30158730158730157,0.23015873015873015,0.2698412698412698,0.1984126984126984,5S_rRNA
RF00001_AAQR03052208_1_6967-6849,0.226890756302521,0.2184873949579832,0.2689075630252101,0.2857142857142857,5S_rRNA
RF00001_AFSA01031394_1_1821-1945,0.272,0.216,0.256,0.256,5S_rRNA
RF00001_AGKD01464447_1_148-38,0.16216216216216217,0.2972972972972973,0.3063063063063063,0.23423423423423423,5S_rRNA
RF00001_ABRQ01204123_1_2994-3110,0.2222222222222222,0.26495726495726496,0.3247863247863248,0.18803418803418803,5S_rRNA
RF00001_AANN01783413_1_845-719,0.2755905511811024,0.23622047244094488,0.28346456692913385,0.2047244094488189,5S_rRNA
RF00001_AFYH01281497_1_1911-1789,0.23577235772357724,0.2764227642276423,0.3008130081300813,0.18699186991869918,5S_rRNA
RF00001_AFYH01151510_1_11570-11442,0.26356589147286824,0.1937984496124031,0.2558139534883721,0.2868217054263566,5S_rRNA
RF00001_AFYH01022234_1_838-970,0.24812030075187969,0.23308270676691728,0.2706766917293233,0.24812030075187969,5S_rRNA
RF00001_AAQR03010791_1_33267-33380,0.2543859649122807,0.2543859649122807,0.2543859649122807,0.23684210526315788,5S_rRNA
RF00001_ABGA01094331_1_20996-21114,0.29411764705882354,0.23529411764705882,0.23529411764705882,0.23529411764705882,5S_rRNA
RF00001_AAWZ02000214_1_22139-22009,0.2824427480916031,0.22137404580152673,0.20610687022900764,0.2900763358778626,5S_rRNA
RF00001_HQ693844_1_3266-3382,0.23076923076923078,0.2564102564102564,0.29914529914529914,0.21367521367521367,5S_rRNA
RF00001_AC151847_4_102540-102421,0.25,0.21666666666666667,0.31666666666666665,0.21666666666666667,5S_rRNA
RF00001_AAWZ02010239_1_110339-110221,0.3445378151260504,0.2184873949579832,0.19327731092436976,0.24369747899159663,5S_rRNA
RF00001_ACPB02027334_1_9362-9480,0.25210084033613445,0.16806722689075632,0.2689075630252101,0.31092436974789917,5S_rRNA
RF00001_AAKN02046811_1_11328-11190,0.23741007194244604,0.2446043165467626,0.26618705035971224,0.2517985611510791,5S_rRNA
RF00001_ABRP01125132_1_2223-2106,0.2033898305084746,0.211864406779661,0.2966101694915254,0.288135593220339,5S_rRNA
RF00001_AFYH01091214_1_514-633,0.175,0.25,0.3416666666666667,0.23333333333333334,5S_rRNA
RF00001_AAWZ02009229_1_57917-57803,0.26956521739130435,0.21739130434782608,0.25217391304347825,0.2608695652173913,5S_rRNA
RF00001_AL445563_1_260543-260646,0.28846153846153844,0.22115384615384615,0.2403846153846154,0.25,5S_rRNA
RF00001_AFTD01089596_1_69416-69556,0.22695035460992907,0.22695035460992907,0.28368794326241137,0.2624113475177305,5S_rRNA
RF00001_ADFV01126877_1_27603-27486,0.2627118644067797,0.23728813559322035,0.2711864406779661,0.2288135593220339,5S_rRNA
RF00001_ABRQ01346759_1_1036-1156,0.256198347107438,0.2066115702479339,0.2809917355371901,0.256198347107438,5S_rRNA
RF00001_AGKD01500196_1_641-757,0.1794871794871795,0.23931623931623933,0.358974358974359,0.2222222222222222,5S_rRNA
RF00001_AFTD01042479_1_70935-70816,0.225,0.18333333333333332,0.225,0.36666666666666664,5S_rRNA
RF00001_ACIV010477358_1_274-152,0.2601626016260163,0.2682926829268293,0.24390243902439024,0.22764227642276422,5S_rRNA
RF00001_AAWZ02010891_1_18976-18858,0.3025210084033613,0.20168067226890757,0.24369747899159663,0.25210084033613445,5S_rRNA
RF00001_ABRT010559597_1_2773-2885,0.22123893805309736,0.21238938053097345,0.23893805309734514,0.3274336283185841,5S_rRNA
RF00001_AFTD01034666_1_112326-112208,0.2773109243697479,0.24369747899159663,0.23529411764705882,0.24369747899159663,5S_rRNA
RF00001_AFYH01237034_1_1057-1193,0.23357664233576642,0.23357664233576642,0.35766423357664234,0.17518248175182483,5S_rRNA
RF00001_AFYH01049721_1_539-421,0.2184873949579832,0.2773109243697479,0.25210084033613445,0.25210084033613445,5S_rRNA
RF00001_AEHL01038331_1_221-104,0.19491525423728814,0.2627118644067797,0.2966101694915254,0.2457627118644068,5S_rRNA
RF00001_AAWZ02008420_1_85805-85691,0.2956521739130435,0.21739130434782608,0.25217391304347825,0.23478260869565218,5S_rRNA
RF00001_AALT01611528_1_1221-1341,0.256198347107438,0.19834710743801653,0.23140495867768596,0.3140495867768595,5S_rRNA
RF00001_AAWZ02026090_1_28668-28786,0.33613445378151263,0.23529411764705882,0.24369747899159663,0.18487394957983194,5S_rRNA
RF00001_AFTD01022645_1_286-149,0.2753623188405797,0.2028985507246377,0.2753623188405797,0.2463768115942029,5S_rRNA
RF00001_AAQR03179570_1_3634-3516,0.25210084033613445,0.2184873949579832,0.2689075630252101,0.2605042016806723,5S_rRNA
RF00001_ABRT010156734_1_123-240,0.288135593220339,0.2627118644067797,0.19491525423728814,0.2542372881355932,5S_rRNA
RF00001_AAWZ02031695_1_27141-27263,0.21138211382113822,0.21951219512195122,0.3333333333333333,0.23577235772357724,5S_rRNA
RF00001_AAWZ02005595_1_28838-28719,0.275,0.2,0.25,0.275,5S_rRNA
RF00001_AGKD01494253_1_230-111,0.225,0.2833333333333333,0.275,0.21666666666666667,5S_rRNA
RF00001_AAWZ02022770_1_56795-56678,0.3305084745762712,0.2288135593220339,0.2288135593220339,0.211864406779661,5S_rRNA
RF00001_AAWZ02002280_1_48061-48180,0.2833333333333333,0.16666666666666666,0.2833333333333333,0.26666666666666666,5S_rRNA
RF00001_AAGW02029366_1_81051-80928,0.28225806451612906,0.1935483870967742,0.28225806451612906,0.24193548387096775,5S_rRNA
RF00001_ADFV01045055_1_31628-31485,0.25,0.2222222222222222,0.24305555555555555,0.2847222222222222,5S_rRNA
RF00001_AAYZ01486631_1_994-858,0.21897810218978103,0.23357664233576642,0.30656934306569344,0.24087591240875914,5S_rRNA
RF00001_AAWZ02006651_1_24093-23975,0.35294117647058826,0.21008403361344538,0.17647058823529413,0.2605042016806723,5S_rRNA
RF00001_AAWZ02022093_1_41162-41285,0.25,0.1935483870967742,0.2661290322580645,0.2903225806451613,5S_rRNA
RF00001_AAWZ02021702_1_37257-37133,0.288,0.2,0.232,0.28,5S_rRNA
RF00001_BADR02001597_1_94377-94261,0.20512820512820512,0.23931623931623933,0.28205128205128205,0.27350427350427353,5S_rRNA
RF00001_AFYH01204624_1_6970-7097,0.2890625,0.2265625,0.2734375,0.2109375,5S_rRNA
RF00001_AAWZ02018346_1_36980-36862,0.31932773109243695,0.20168067226890757,0.226890756302521,0.25210084033613445,5S_rRNA
RF00001_AAWZ02011312_1_147387-147505,0.33613445378151263,0.2184873949579832,0.20168067226890757,0.24369747899159663,5S_rRNA
RF00001_ABQO010707746_1_616-501,0.2413793103448276,0.19827586206896552,0.25862068965517243,0.3017241379310345,5S_rRNA
RF00001_AAWZ02009619_1_6936-7054,0.2773109243697479,0.23529411764705882,0.25210084033613445,0.23529411764705882,5S_rRNA
RF00001_AAQR03094424_1_45412-45542,0.2900763358778626,0.22137404580152673,0.21374045801526717,0.2748091603053435,5S_rRNA
RF00001_AFSQ01022666_1_3249-3131,0.2857142857142857,0.24369747899159663,0.21008403361344538,0.2605042016806723,5S_rRNA
RF00001_CAAA01155061_1_1302-1419,0.2796610169491525,0.2033898305084746,0.2627118644067797,0.2542372881355932,5S_rRNA
RF00001_ABIM01018025_1_363-243,0.2975206611570248,0.1652892561983471,0.24793388429752067,0.2892561983471074,5S_rRNA
RF00001_AAWZ02007078_1_39202-39319,0.2966101694915254,0.19491525423728814,0.2711864406779661,0.23728813559322035,5S_rRNA
RF00001_ADFV01055584_1_890-1009,0.225,0.15,0.2833333333333333,0.3416666666666667,5S_rRNA
RF00001_ABRT010790584_1_189-73,0.21367521367521367,0.24786324786324787,0.2564102564102564,0.28205128205128205,5S_rRNA
RF00001_AAWZ02024276_1_7865-7747,0.3277310924369748,0.19327731092436976,0.24369747899159663,0.23529411764705882,5S_rRNA
RF00001_AFYH01194548_1_4309-4191,0.2605042016806723,0.226890756302521,0.2605042016806723,0.25210084033613445,5S_rRNA
RF00001_AFYH01127065_1_7500-7366,0.2740740740740741,0.25925925925925924,0.22962962962962963,0.23703703703703705,5S_rRNA
RF00001_ABRP01279349_1_1866-1744,0.17073170731707318,0.2601626016260163,0.3333333333333333,0.23577235772357724,5S_rRNA
RF00001_ABKE01004925_1_8539-8421,0.31092436974789917,0.23529411764705882,0.19327731092436976,0.2605042016806723,5S_rRNA
RF00001_AAWZ02008082_1_58333-58215,0.3025210084033613,0.226890756302521,0.20168067226890757,0.2689075630252101,5S_rRNA
RF00001_AFSQ01002675_1_3991-3873,0.2773109243697479,0.2184873949579832,0.19327731092436976,0.31092436974789917,5S_rRNA
RF00001_AAWZ02021618_1_7432-7314,0.35294117647058826,0.23529411764705882,0.19327731092436976,0.2184873949579832,5S_rRNA
RF00001_AEHK01138253_1_12752-12654,0.26262626262626265,0.24242424242424243,0.26262626262626265,0.23232323232323232,5S_rRNA
RF00001_AAQR03002830_1_14518-14647,0.27692307692307694,0.24615384615384617,0.23076923076923078,0.24615384615384617,5S_rRNA
RF00001_AANN01563977_1_343-209,0.26666666666666666,0.22962962962962963,0.25925925925925924,0.24444444444444444,5S_rRNA
RF00001_AAGV020486235_1_554-673,0.20833333333333334,0.2833333333333333,0.20833333333333334,0.3,5S_rRNA
RF00001_AFYH01072134_1_27216-27331,0.28448275862068967,0.22413793103448276,0.25,0.2413793103448276,5S_rRNA
RF00001_AFYH01054378_1_936-1051,0.15517241379310345,0.28448275862068967,0.3275862068965517,0.23275862068965517,5S_rRNA
RF00001_ACYX02013701_1_6547-6678,0.26515151515151514,0.2196969696969697,0.21212121212121213,0.30303030303030304,5S_rRNA
RF00001_ACYM01009813_1_6099-6210,0.2767857142857143,0.19642857142857142,0.23214285714285715,0.29464285714285715,5S_rRNA
RF00001_AAWZ02007767_1_61847-61963,0.29914529914529914,0.21367521367521367,0.1794871794871795,0.3076923076923077,5S_rRNA
RF00001_AALT01510911_1_4023-3907,0.2564102564102564,0.26495726495726496,0.20512820512820512,0.27350427350427353,5S_rRNA
RF00001_ABEP02003813_1_7389-7529,0.2624113475177305,0.24822695035460993,0.24822695035460993,0.24113475177304963,5S_rRNA
RF00001_AAGW02073757_1_17114-16993,0.23770491803278687,0.1721311475409836,0.26229508196721313,0.32786885245901637,5S_rRNA
RF00001_BACK01008920_1_4770-4653,0.22033898305084745,0.23728813559322035,0.2288135593220339,0.3135593220338983,5S_rRNA
RF00001_AFYH01041852_1_3833-3959,0.2283464566929134,0.2125984251968504,0.3464566929133858,0.2125984251968504,5S_rRNA
RF00001_AE017350_1_215811-215683,0.24806201550387597,0.24031007751937986,0.3178294573643411,0.1937984496124031,5S_rRNA
RF00001_ABJE01000576_1_14633-14745,0.26548672566371684,0.23008849557522124,0.23008849557522124,0.2743362831858407,5S_rRNA
RF00001_AEHL01017923_1_48141-48239,0.23232323232323232,0.2222222222222222,0.2727272727272727,0.2727272727272727,5S_rRNA
RF00001_ACBE01314246_1_1565-1673,0.22935779816513763,0.1834862385321101,0.3302752293577982,0.25688073394495414,5S_rRNA
RF00001_AAWZ02011192_1_37951-37834,0.2627118644067797,0.2457627118644068,0.211864406779661,0.2796610169491525,5S_rRNA
RF00001_AANN01114519_1_1126-1283,0.3037974683544304,0.189873417721519,0.22151898734177214,0.2848101265822785,5S_rRNA
RF00001_DAAA02012517_1_13699-13818,0.24166666666666667,0.24166666666666667,0.25,0.26666666666666666,5S_rRNA
RF00001_AAWZ02010316_1_5812-5930,0.2857142857142857,0.25210084033613445,0.2184873949579832,0.24369747899159663,5S_rRNA
RF00001_AC153073_3_82348-82214,0.2740740740740741,0.17777777777777778,0.26666666666666666,0.2814814814814815,5S_rRNA
RF00001_ACYN01007817_1_5897-6015,0.29411764705882354,0.21008403361344538,0.21008403361344538,0.2857142857142857,5S_rRNA
RF00001_AFSA01509842_1_590-487,0.3173076923076923,0.23076923076923078,0.27884615384615385,0.17307692307692307,5S_rRNA
RF00001_AAPY01796392_1_139-11,0.27906976744186046,0.20155038759689922,0.2713178294573643,0.24806201550387597,5S_rRNA
RF00001_AAGW02067490_1_37877-38014,0.2898550724637681,0.16666666666666666,0.34057971014492755,0.2028985507246377,5S_rRNA
RF00001_ABIM01036492_1_20-137,0.2457627118644068,0.23728813559322035,0.211864406779661,0.3050847457627119,5S_rRNA
RF00001_AAWZ02032260_1_3531-3650,0.24166666666666667,0.19166666666666668,0.26666666666666666,0.3,5S_rRNA
RF00001_ACYX02052306_1_1126-1007,0.3,0.225,0.21666666666666667,0.25833333333333336,5S_rRNA
RF00001_ABGA01310474_1_7800-7917,0.2796610169491525,0.23728813559322035,0.2033898305084746,0.2796610169491525,5S_rRNA
RF00001_AAWZ02008024_1_16074-16192,0.29411764705882354,0.17647058823529413,0.25210084033613445,0.2773109243697479,5S_rRNA
RF00001_CP002685_1_6415253-6415358,0.2830188679245283,0.24528301886792453,0.24528301886792453,0.22641509433962265,5S_rRNA
RF00001_AFYH01270997_1_8932-8814,0.23529411764705882,0.2857142857142857,0.2689075630252101,0.21008403361344538,5S_rRNA
RF00001_AALT01498023_1_5257-5379,0.2764227642276423,0.15447154471544716,0.2845528455284553,0.2845528455284553,5S_rRNA
RF00001_AGCE01048785_1_27275-27380,0.22641509433962265,0.1792452830188679,0.3113207547169811,0.2830188679245283,5S_rRNA
RF00001_ADFV01181349_1_7086-6958,0.24806201550387597,0.18604651162790697,0.29457364341085274,0.2713178294573643,5S_rRNA
RF00001_ABRP01181564_1_1752-1630,0.2845528455284553,0.22764227642276422,0.22764227642276422,0.2601626016260163,5S_rRNA
RF00001_ABRP01037415_1_8093-7962,0.29545454545454547,0.14393939393939395,0.2803030303030303,0.2803030303030303,5S_rRNA
RF00001_AAWZ02003606_1_14542-14661,0.31666666666666665,0.2,0.20833333333333334,0.275,5S_rRNA
RF00001_AAWZ02002359_1_16750-16868,0.3025210084033613,0.19327731092436976,0.21008403361344538,0.29411764705882354,5S_rRNA
RF00001_AGAI01007380_1_7385-7495,0.2882882882882883,0.25225225225225223,0.2072072072072072,0.25225225225225223,5S_rRNA
RF00001_AFYH01095771_1_4136-4018,0.2689075630252101,0.24369747899159663,0.25210084033613445,0.23529411764705882,5S_rRNA
RF00001_AAWZ02009242_1_87676-87561,0.3103448275862069,0.20689655172413793,0.25862068965517243,0.22413793103448276,5S_rRNA
RF00001_AAWZ02004500_1_6925-7041,0.28205128205128205,0.21367521367521367,0.2564102564102564,0.24786324786324787,5S_rRNA
RF00001_AFYH01187452_1_22028-22147,0.20833333333333334,0.20833333333333334,0.3,0.2833333333333333,5S_rRNA
RF00001_AFEY01346717_1_11113-11230,0.3305084745762712,0.17796610169491525,0.2033898305084746,0.288135593220339,5S_rRNA
RF00001_AAPE02040716_1_10073-10191,0.18487394957983194,0.21008403361344538,0.35294117647058826,0.25210084033613445,5S_rRNA
RF00001_CAEC01233695_1_2143-2030,0.2719298245614035,0.23684210526315788,0.22807017543859648,0.2631578947368421,5S_rRNA
RF00001_AY034745_1_378-475,0.22448979591836735,0.2755102040816326,0.2755102040816326,0.22448979591836735,5S_rRNA
RF00001_AJ250740_1_423-527,0.1619047619047619,0.4,0.3333333333333333,0.10476190476190476,5S_rRNA
RF00001_AFRX01000477_1_35105-34982,0.25,0.21774193548387097,0.27419354838709675,0.25806451612903225,5S_rRNA
RF00001_AFYH01015271_1_284-165,0.23333333333333334,0.25833333333333336,0.3333333333333333,0.175,5S_rRNA
RF00001_AFSA01085387_1_837-956,0.31666666666666665,0.23333333333333334,0.16666666666666666,0.2833333333333333,5S_rRNA
RF00001_AELG01000114_1_396-283,0.20175438596491227,0.24561403508771928,0.3333333333333333,0.21929824561403508,5S_rRNA
RF00001_ACBE01460866_1_2070-2213,0.2361111111111111,0.2361111111111111,0.24305555555555555,0.2847222222222222,5S_rRNA
RF00001_ACBE01020112_1_7366-7479,0.2543859649122807,0.2543859649122807,0.21052631578947367,0.2807017543859649,5S_rRNA
RF00001_AAWZ02027945_1_14539-14657,0.24369747899159663,0.17647058823529413,0.2605042016806723,0.31932773109243695,5S_rRNA
RF00001_AAFR03023674_1_133175-133291,0.23931623931623933,0.21367521367521367,0.26495726495726496,0.28205128205128205,5S_rRNA
RF00001_AAWZ02000230_1_7028-7144,0.3504273504273504,0.23076923076923078,0.21367521367521367,0.20512820512820512,5S_rRNA
RF00001_AANN01361340_1_3232-3353,0.3360655737704918,0.18032786885245902,0.22950819672131148,0.2540983606557377,5S_rRNA
RF00001_AALT01388129_1_3114-3234,0.2809917355371901,0.21487603305785125,0.2066115702479339,0.2975206611570248,5S_rRNA
RF00001_AAGW02080091_1_2888-3005,0.211864406779661,0.2711864406779661,0.3220338983050847,0.19491525423728814,5S_rRNA
RF00001_CR354395_20_5535-5413,0.2764227642276423,0.22764227642276422,0.2601626016260163,0.23577235772357724,5S_rRNA
RF00001_ABRO01332170_1_3445-3562,0.3050847457627119,0.15254237288135594,0.2033898305084746,0.3389830508474576,5S_rRNA
RF00001_AAWZ02011005_1_14098-14217,0.26666666666666666,0.225,0.3,0.20833333333333334,5S_rRNA
RF00001_AFYH01095393_1_12841-12720,0.2540983606557377,0.27049180327868855,0.2459016393442623,0.22950819672131148,5S_rRNA
RF00001_AAWZ02035345_1_4249-4129,0.2975206611570248,0.2231404958677686,0.21487603305785125,0.2644628099173554,5S_rRNA
RF00001_AAYZ01185762_1_11995-12112,0.3220338983050847,0.2033898305084746,0.2033898305084746,0.2711864406779661,5S_rRNA
RF00001_AAWZ02026061_1_3036-2917,0.275,0.26666666666666666,0.30833333333333335,0.15,5S_rRNA
RF00001_AAWZ02005162_1_35777-35653,0.336,0.224,0.176,0.264,5S_rRNA
RF00001_AAWZ02004660_1_177319-177434,0.3706896551724138,0.19827586206896552,0.1896551724137931,0.2413793103448276,5S_rRNA
RF00001_AANN01528308_1_1524-1638,0.30434782608695654,0.20869565217391303,0.22608695652173913,0.2608695652173913,5S_rRNA
RF00001_CAEC01032111_1_7651-7523,0.26356589147286824,0.24806201550387597,0.20930232558139536,0.27906976744186046,5S_rRNA
RF00001_BACK01038166_1_4589-4467,0.3252032520325203,0.21951219512195122,0.21951219512195122,0.23577235772357724,5S_rRNA
RF00001_AGKD01484064_1_2522-2630,0.21100917431192662,0.1651376146788991,0.3211009174311927,0.30275229357798167,5S_rRNA
RF00001_DAAA02061494_1_49090-49240,0.2781456953642384,0.2052980132450331,0.271523178807947,0.24503311258278146,5S_rRNA
RF00001_AAWZ02031595_1_7039-6920,0.2833333333333333,0.25,0.25833333333333336,0.20833333333333334,5S_rRNA
RF00001_AAWZ02025052_1_23781-23663,0.29411764705882354,0.20168067226890757,0.23529411764705882,0.2689075630252101,5S_rRNA
RF00001_ABRP01134490_1_2432-2312,0.2727272727272727,0.21487603305785125,0.3140495867768595,0.19834710743801653,5S_rRNA
RF00001_U59762_1_2-114,0.30973451327433627,0.168141592920354,0.18584070796460178,0.336283185840708,5S_rRNA
RF00001_AFYH01058710_1_5274-5160,0.30434782608695654,0.22608695652173913,0.21739130434782608,0.25217391304347825,5S_rRNA
RF00001_AEQU010392187_1_3359-3474,0.3017241379310345,0.22413793103448276,0.22413793103448276,0.25,5S_rRNA
RF00001_AAWZ02008596_1_333-452,0.2833333333333333,0.20833333333333334,0.24166666666666667,0.26666666666666666,5S_rRNA
RF00001_AFTD01021494_1_2237-2383,0.19047619047619047,0.29931972789115646,0.272108843537415,0.23809523809523808,5S_rRNA
RF00001_ABIM01039119_1_1080-1211,0.29545454545454547,0.23484848484848486,0.23484848484848486,0.23484848484848486,5S_rRNA
RF00001_AEQU010193662_1_1216-1089,0.2109375,0.203125,0.3125,0.2734375,5S_rRNA
RF00001_CP001824_1_550994-550875,0.125,0.38333333333333336,0.4,0.09166666666666666,5S_rRNA
RF00001_AGCE01116092_1_4395-4508,0.3157894736842105,0.17543859649122806,0.20175438596491227,0.30701754385964913,5S_rRNA
RF00001_AGQN01237903_1_210-92,0.2605042016806723,0.24369747899159663,0.23529411764705882,0.2605042016806723,5S_rRNA
RF00001_CABZ01028173_1_1035-904,0.24242424242424243,0.22727272727272727,0.2727272727272727,0.25757575757575757,5S_rRNA
RF00001_AAYZ01201837_1_138-251,0.15789473684210525,0.2631578947368421,0.3508771929824561,0.22807017543859648,5S_rRNA
RF00001_AAWZ02017174_1_42880-42996,0.26495726495726496,0.17094017094017094,0.27350427350427353,0.2905982905982906,5S_rRNA
RF00001_AAGV020701038_1_884-1009,0.2777777777777778,0.15873015873015872,0.25396825396825395,0.30952380952380953,5S_rRNA
RF00001_BACK01038554_1_1514-1641,0.2421875,0.25,0.2734375,0.234375,5S_rRNA
RF00001_AFSB01234112_1_16347-16466,0.21666666666666667,0.26666666666666666,0.325,0.19166666666666668,5S_rRNA
RF00001_ADFJ01001478_1_1949-1816,0.291044776119403,0.13432835820895522,0.27611940298507465,0.29850746268656714,5S_rRNA
RF00001_AAWZ02014463_1_37302-37421,0.275,0.19166666666666668,0.25833333333333336,0.275,5S_rRNA
RF00001_AAWZ02004968_1_18844-18964,0.2231404958677686,0.256198347107438,0.2892561983471074,0.23140495867768596,5S_rRNA
RF00001_AANU01175375_1_3166-3262,0.23711340206185566,0.2268041237113402,0.27835051546391754,0.25773195876288657,5S_rRNA
RF00001_AFYH01127921_1_6621-6502,0.2,0.225,0.25,0.325,5S_rRNA
RF00001_ABSL01074237_1_67964-67836,0.2558139534883721,0.2248062015503876,0.20155038759689922,0.3178294573643411,5S_rRNA
RF00001_ABRP01158336_1_170-287,0.2966101694915254,0.2457627118644068,0.23728813559322035,0.22033898305084745,5S_rRNA
RF00001_AAGW02010360_1_60506-60633,0.3046875,0.234375,0.1796875,0.28125,5S_rRNA
RF00001_AEQU010381519_1_2084-2204,0.2396694214876033,0.19834710743801653,0.2644628099173554,0.2975206611570248,5S_rRNA
RF00001_ABRP01231133_1_2195-2324,0.27692307692307694,0.13076923076923078,0.24615384615384617,0.34615384615384615,5S_rRNA
RF00001_AAWZ02008124_1_12104-12225,0.32786885245901637,0.21311475409836064,0.2459016393442623,0.21311475409836064,5S_rRNA
RF00001_ABRO01283275_1_6154-6266,0.19469026548672566,0.19469026548672566,0.3008849557522124,0.30973451327433627,5S_rRNA
RF00001_AAWZ02006354_1_44422-44538,0.3333333333333333,0.23076923076923078,0.20512820512820512,0.23076923076923078,5S_rRNA
RF00001_CAEC01431911_1_12771-12659,0.24778761061946902,0.20353982300884957,0.23893805309734514,0.30973451327433627,5S_rRNA
RF00001_AAPY01618068_1_265-152,0.3157894736842105,0.20175438596491227,0.21929824561403508,0.2631578947368421,5S_rRNA
RF00001_CAEC01255280_1_1120-1021,0.24,0.23,0.31,0.22,5S_rRNA
RF00001_AEYP01064964_1_1483-1348,0.21323529411764705,0.25735294117647056,0.3088235294117647,0.22058823529411764,5S_rRNA
RF00001_ABKI01000251_1_27985-28104,0.20833333333333334,0.24166666666666667,0.3,0.25,5S_rRNA
RF00001_AADG06000628_1_4101-3989,0.2743362831858407,0.19469026548672566,0.24778761061946902,0.2831858407079646,5S_rRNA
RF00001_AFYH01155478_1_7000-7129,0.25384615384615383,0.26153846153846155,0.24615384615384617,0.23846153846153847,5S_rRNA
RF00001_AFTD01029585_1_73363-73237,0.25196850393700787,0.1968503937007874,0.2992125984251969,0.25196850393700787,5S_rRNA
