nameseq,A,C,G,T,label
AE006468.2/4399812-4399927,0.1896551724137931,0.3103448275862069,0.3448275862068966,0.15517241379310345,rRNA
AE006468.2/3566749-3566634,0.20689655172413793,0.29310344827586204,0.33620689655172414,0.16379310344827586,rRNA
AE006468.2/294522-294637,0.19827586206896552,0.3103448275862069,0.33620689655172414,0.15517241379310345,rRNA
AE006468.2/4100145-4101686,0.2535667963683528,0.22762645914396887,0.3158236057068742,0.20298313878080415,rRNA
AE006468.2/289180-290721,0.2522697795071336,0.22892347600518806,0.3164721141374838,0.20233463035019456,rRNA
AE006468.2/3572014-3570473,0.2522697795071336,0.22827496757457846,0.3158236057068742,0.20363164721141375,rRNA
AE006468.2/2801663-2800122,0.2522697795071336,0.22827496757457846,0.3158236057068742,0.20363164721141375,rRNA
AE006468.2/4394688-4396230,0.25340246273493194,0.22812702527543746,0.31561892417368764,0.20285158781594298,rRNA
AE006468.2/4100150-4101684,0.2521172638436482,0.22866449511400652,0.3172638436482085,0.20195439739413681,rRNA
AE006468.2/289185-290719,0.250814332247557,0.22996742671009773,0.31791530944625407,0.2013029315960912,rRNA
AE006468.2/2801658-2800124,0.250814332247557,0.2293159609120521,0.3172638436482085,0.2026058631921824,rRNA
AE006468.2/3572009-3570475,0.250814332247557,0.2293159609120521,0.3172638436482085,0.2026058631921824,rRNA
AE006468.2/4394693-4396228,0.251953125,0.22916666666666666,0.3170572916666667,0.20182291666666666,rRNA
AE006468.2/2801658-2800127,0.25130548302872063,0.22845953002610966,0.3178851174934726,0.20234986945169714,rRNA
AE006468.2/3572009-3570478,0.25130548302872063,0.22845953002610966,0.3178851174934726,0.20234986945169714,rRNA
AE006468.2/4100150-4101681,0.25261096605744127,0.22780678851174935,0.3178851174934726,0.20169712793733682,rRNA
AE006468.2/289185-290716,0.25130548302872063,0.22911227154046998,0.3185378590078329,0.2010443864229765,rRNA
AE006468.2/4394693-4396225,0.25244618395303325,0.228310502283105,0.3176777560339204,0.20156555772994128,rRNA
AE006468.2/2799768-2796761,0.2603058510638298,0.22406914893617022,0.3151595744680851,0.2004654255319149,rRNA
AE006468.2/3570080-3567089,0.2627005347593583,0.22092245989304812,0.31316844919786097,0.20320855614973263,rRNA
AE006468.2/4353199-4356190,0.2627005347593583,0.22092245989304812,0.31316844919786097,0.20320855614973263,rRNA
AE006468.2/4198128-4201119,0.2627005347593583,0.21991978609625668,0.3135026737967914,0.2038770053475936,rRNA
AE006468.2/4396623-4399614,0.2627005347593583,0.22092245989304812,0.3135026737967914,0.20287433155080214,rRNA
AE006468.2/4102040-4105031,0.2627005347593583,0.22058823529411764,0.31383689839572193,0.20287433155080214,rRNA
AE006468.2/291234-294324,0.263668715626011,0.22225816887738595,0.3134907796829505,0.20058233581365253,rRNA
AE006468.2/4198129-4201120,0.26236631016042783,0.21991978609625668,0.3135026737967914,0.20421122994652408,rRNA
AE006468.2/4353200-4356191,0.26236631016042783,0.22092245989304812,0.31316844919786097,0.2035427807486631,rRNA
AE006468.2/3570079-3567088,0.26236631016042783,0.22092245989304812,0.31316844919786097,0.2035427807486631,rRNA
AE006468.2/4396624-4399615,0.26236631016042783,0.22092245989304812,0.3135026737967914,0.20320855614973263,rRNA
AE006468.2/2799767-2796760,0.2599734042553192,0.22406914893617022,0.3151595744680851,0.20079787234042554,rRNA
AE006468.2/4102041-4105032,0.26236631016042783,0.22058823529411764,0.31383689839572193,0.20320855614973263,rRNA
AE006468.2/291235-294325,0.26334519572953735,0.22225816887738595,0.3134907796829505,0.20090585571012617,rRNA
AE006468.2/2799608-2796773,0.25952045133991536,0.22390691114245417,0.31629055007052187,0.2002820874471086,rRNA
AE006468.2/3569920-3567099,0.26222537207654145,0.22076541459957477,0.3143160878809355,0.20269312544294826,rRNA
AE006468.2/4353359-4356180,0.26222537207654145,0.221119773210489,0.3146704464918498,0.20198440822111977,rRNA
AE006468.2/4396783-4399604,0.26222537207654145,0.22076541459957477,0.3146704464918498,0.20233876683203403,rRNA
AE006468.2/4198288-4201109,0.26222537207654145,0.22005669737774627,0.315024805102764,0.20269312544294826,rRNA
AE006468.2/4102200-4105021,0.26222537207654145,0.22041105598866054,0.315024805102764,0.20233876683203403,rRNA
AE006468.2/291394-294314,0.26326600479287915,0.22218418349880178,0.3146182814104759,0.1999315302978432,rRNA
NZ_CP029463.1/451506-451397,0.21818181818181817,0.2636363636363636,0.2818181818181818,0.23636363636363636,rRNA
NZ_CP029463.1/2898154-2899670,0.26961107448912325,0.21423862887277523,0.2933421226104153,0.2228081740276862,rRNA
NZ_CP029463.1/456422-454907,0.26978891820580475,0.21437994722955145,0.2928759894459103,0.22295514511873352,rRNA
NZ_CP029463.1/940436-938922,0.26996699669966995,0.2132013201320132,0.29372937293729373,0.22310231023102312,rRNA
NZ_CP029463.1/456417-454909,0.26971504307488403,0.2147117296222664,0.2935719019218025,0.22200132538104705,rRNA
NZ_CP029463.1/2898159-2899668,0.2695364238410596,0.21456953642384105,0.29403973509933773,0.22185430463576158,rRNA
NZ_CP029463.1/940431-938924,0.26989389920424406,0.21352785145888595,0.29442970822281167,0.22214854111405835,rRNA
NZ_CP029463.1/2898159-2899665,0.27007299270072993,0.21366954213669542,0.29462508294625084,0.2216323822163238,rRNA
NZ_CP029463.1/456417-454912,0.2702523240371846,0.21381142098273573,0.29415670650730413,0.22177954847277556,rRNA
NZ_CP029463.1/940431-938927,0.27043189368770765,0.21262458471760798,0.2950166112956811,0.22192691029900333,rRNA
NZ_CP029463.1/2900078-2902948,0.28422152560083597,0.19784047370254268,0.2950191570881226,0.22291884360849878,rRNA
NZ_CP029463.1/454500-451631,0.2843205574912892,0.19790940766550522,0.29477351916376304,0.2229965156794425,rRNA
NZ_CP029463.1/938515-935648,0.28451882845188287,0.19769874476987448,0.29463040446304045,0.22315202231520223,rRNA
NZ_CP029463.1/2900080-2902948,0.2840711049146044,0.1979783896828163,0.29522481700941094,0.22272568839316836,rRNA
NZ_CP029463.1/454498-451631,0.28417015341701535,0.19804741980474197,0.29497907949790797,0.22280334728033474,rRNA
NZ_CP029463.1/938513-935648,0.28436845778087927,0.1978367062107467,0.29483600837404045,0.22295882763433356,rRNA
NZ_CP029463.1/454354-451490,0.2806282722513089,0.1968586387434555,0.2904013961605585,0.23211169284467714,rRNA
NZ_CP029463.1/2900225-2903090,0.28053035589672015,0.19678995115143055,0.290648988136776,0.23203070481507326,rRNA
NZ_CP029463.1/938370-935507,0.2807262569832402,0.1965782122905028,0.2905027932960894,0.2321927374301676,rRNA
AL123456.3/1476900-1477012,0.23893805309734514,0.35398230088495575,0.3008849557522124,0.10619469026548672,rRNA
AL123456.3/1473670-1473825,0.23076923076923078,0.22435897435897437,0.3525641025641026,0.19230769230769232,rRNA
AL123456.3/1471849-1473380,0.21736292428198434,0.23825065274151436,0.3413838120104439,0.20300261096605743,rRNA
AL123456.3/1471854-1473378,0.2183606557377049,0.23934426229508196,0.3422950819672131,0.2,rRNA
AL123456.3/1471854-1473375,0.2187910643889619,0.23850197109067017,0.34296977660972405,0.19973718791064388,rRNA
AL123456.3/1473656-1476795,0.24171974522292994,0.24235668789808917,0.3292993630573248,0.18662420382165604,rRNA
AL123456.3/1473658-1476795,0.2418738049713193,0.24251115360101977,0.32919056724028045,0.1864244741873805,rRNA
AL123456.3/1473819-1476784,0.24241402562373568,0.24342548887390425,0.3287255563047876,0.18543492919757248,rRNA
NC_005042.1/358431-358547,0.23076923076923078,0.28205128205128205,0.28205128205128205,0.20512820512820512,rRNA
NC_005042.1/353311-354795,0.24983164983164982,0.23636363636363636,0.31313131313131315,0.20067340067340067,rRNA
NC_005042.1/353316-354793,0.2476319350473613,0.2361299052774019,0.31461434370771313,0.20162381596752368,rRNA
NC_005042.1/353316-354790,0.24813559322033898,0.2352542372881356,0.3152542372881356,0.20135593220338982,rRNA
NC_005042.1/355460-358335,0.26668984700973575,0.21835883171070933,0.3150208623087622,0.19993045897079276,rRNA
NC_005042.1/355462-358335,0.2665274878218511,0.21851078636047322,0.31524008350730687,0.19972164231036882,rRNA
NC_005042.1/355608-358430,0.2695713779667021,0.21643641516117607,0.30782855118668084,0.206163655685441,rRNA
NZ_CP072646.1/111049-111165,0.24786324786324787,0.24786324786324787,0.3076923076923077,0.19658119658119658,rRNA
NZ_CP072646.1/106357-107858,0.25099866844207724,0.2303595206391478,0.31491344873502,0.20372836218375498,rRNA
NZ_CP072646.1/106362-107856,0.25016722408026754,0.23010033444816053,0.31638795986622076,0.20334448160535118,rRNA
NZ_CP072646.1/106362-107853,0.25067024128686327,0.2292225201072386,0.31702412868632707,0.20308310991957104,rRNA
NZ_CP072646.1/108120-111006,0.26532732940768966,0.2161413231728438,0.31001039140976794,0.20852095600969864,rRNA
NZ_CP072646.1/108121-111007,0.26532732940768966,0.2164877034984413,0.31001039140976794,0.20817457568410114,rRNA
NZ_CP072646.1/108263-110995,0.26710574460300035,0.21624588364434688,0.30735455543358947,0.2092938163190633,rRNA
CP025209.1/684213-684329,0.15384615384615385,0.24786324786324787,0.36752136752136755,0.23076923076923078,rRNA
CP025209.1/679099-680617,0.21988150098749176,0.228439763001975,0.33640552995391704,0.2152732060566162,rRNA
CP025209.1/2120249-2118807,0.23146223146223147,0.24740124740124741,0.31185031185031187,0.20928620928620928,rRNA
CP025209.1/679104-680615,0.22023809523809523,0.2294973544973545,0.33796296296296297,0.2123015873015873,rRNA
CP025209.1/2120244-2118809,0.2318941504178273,0.2479108635097493,0.31337047353760444,0.20682451253481896,rRNA
CP025209.1/679104-680612,0.220675944333996,0.2286282306163022,0.33863485752153744,0.21206096752816433,rRNA
CP025209.1/2120244-2118812,0.23237962316817865,0.2477320307048151,0.31402651779483604,0.20586182833217026,rRNA
CP025209.1/680981-684066,0.22715489306545691,0.19604666234607906,0.3366817887232664,0.24011665586519768,rRNA
CP025209.1/2118475-2115460,0.23110079575596817,0.20092838196286472,0.33255968169761274,0.2354111405835544,rRNA
CP025209.1/680982-684067,0.22715489306545691,0.19604666234607906,0.3370058327932599,0.23979261179520414,rRNA
CP025209.1/2118474-2115459,0.23110079575596817,0.20092838196286472,0.33255968169761274,0.2354111405835544,rRNA
CP025209.1/681143-684122,0.2302013422818792,0.19630872483221476,0.33288590604026846,0.2406040268456376,rRNA
CP025209.1/2118319-2115405,0.23430531732418525,0.1993138936535163,0.3300171526586621,0.23636363636363636,rRNA
NC_018014.1/929823-929939,0.2222222222222222,0.2564102564102564,0.3162393162393162,0.20512820512820512,rRNA
NC_018014.1/926706-926859,0.2727272727272727,0.24025974025974026,0.3246753246753247,0.16233766233766234,rRNA
NC_018014.1/924354-925855,0.2576564580559254,0.23635153129161118,0.30825565912117175,0.1977363515312916,rRNA
NC_018014.1/924359-925853,0.2568561872909699,0.23678929765886286,0.3096989966555184,0.19665551839464884,rRNA
NC_018014.1/924359-925850,0.257372654155496,0.2359249329758713,0.31032171581769435,0.19638069705093833,rRNA
NC_018014.1/2076795-2079744,0.27152542372881355,0.2206779661016949,0.3030508474576271,0.2047457627118644,rRNA
NC_018014.1/926693-929642,0.27152542372881355,0.22101694915254239,0.3030508474576271,0.20440677966101695,rRNA
NC_018014.1/2076796-2079745,0.27152542372881355,0.2206779661016949,0.3030508474576271,0.2047457627118644,rRNA
NC_018014.1/926694-929643,0.27152542372881355,0.22101694915254239,0.3030508474576271,0.20440677966101695,rRNA
NC_018014.1/2076956-2079733,0.27177825773938086,0.21922246220302377,0.3020158387329014,0.206983441324694,rRNA
NC_018014.1/926854-929631,0.27177825773938086,0.21958243340532757,0.3020158387329014,0.2066234701223902,rRNA
NZ_LT629973.1/908764-908649,0.1724137931034483,0.3448275862068966,0.35344827586206895,0.12931034482758622,rRNA
NZ_LT629973.1/913847-912334,0.2536327608982827,0.23447820343461032,0.32232496697490093,0.18956406869220607,rRNA
NZ_LT629973.1/913842-912336,0.2528201725282017,0.23556735235567353,0.3238221632382216,0.18779031187790313,rRNA
NZ_LT629973.1/913842-912339,0.2533244680851064,0.23470744680851063,0.324468085106383,0.1875,rRNA
NZ_LT629973.1/911757-908933,0.2902654867256637,0.2176991150442478,0.2966371681415929,0.19539823008849558,rRNA
NZ_LT629973.1/911756-908932,0.2902654867256637,0.21805309734513276,0.29628318584070795,0.19539823008849558,rRNA
NZ_LT629973.1/911595-908936,0.2887218045112782,0.21804511278195488,0.2962406015037594,0.19699248120300752,rRNA
NZ_CP073100.1/279304-279419,0.20689655172413793,0.27586206896551724,0.33620689655172414,0.1810344827586207,rRNA
NZ_CP073100.1/276248-276400,0.24836601307189543,0.19607843137254902,0.30718954248366015,0.24836601307189543,rRNA
NZ_CP073100.1/274061-275598,0.247074122236671,0.23927178153446033,0.3166449934980494,0.19700910273081926,rRNA
NZ_CP073100.1/4919751-4921284,0.24902216427640156,0.23859191655801826,0.31486310299869624,0.19752281616688397,rRNA
NZ_CP073100.1/274066-275596,0.24755062050947094,0.23971260613977793,0.31809274983670804,0.1946440235140431,rRNA
NZ_CP073100.1/4919756-4921282,0.24950884086444008,0.23903077930582842,0.3163064833005894,0.1951538965291421,rRNA
NZ_CP073100.1/274066-275593,0.24803664921465968,0.23887434554973822,0.318717277486911,0.1943717277486911,rRNA
NZ_CP073100.1/4919756-4921279,0.25,0.23818897637795275,0.3169291338582677,0.19488188976377951,rRNA
NZ_CP073100.1/276235-279060,0.267515923566879,0.21939136588818117,0.30254777070063693,0.2105449398443029,rRNA
NZ_CP073100.1/4921918-4924740,0.2678002125398512,0.2196245129295076,0.3018065887353879,0.21076868579525326,rRNA
NZ_CP073100.1/276236-279061,0.267515923566879,0.2197452229299363,0.3021939136588818,0.2105449398443029,rRNA
NZ_CP073100.1/4921919-4924741,0.2678002125398512,0.2199787460148778,0.3014523556500177,0.21076868579525326,rRNA
NZ_CP073100.1/4922082-4924728,0.26936154136758594,0.22100491122024934,0.3018511522478277,0.207782395164337,rRNA
NZ_CP073100.1/276399-279048,0.2690566037735849,0.22075471698113208,0.3026415094339623,0.20754716981132076,rRNA
CP035288.1/813521-813635,0.23478260869565218,0.2608695652173913,0.2956521739130435,0.20869565217391303,rRNA
CP035288.1/1020593-1022143,0.26627981947130885,0.2198581560283688,0.2933591231463572,0.2205029013539652,rRNA
CP035288.1/808715-810265,0.26627981947130885,0.2205029013539652,0.2933591231463572,0.2198581560283688,rRNA
CP035288.1/1020598-1022141,0.266839378238342,0.22085492227979275,0.29468911917098445,0.21761658031088082,rRNA
CP035288.1/808720-810263,0.266839378238342,0.22150259067357514,0.29468911917098445,0.21696891191709844,rRNA
CP035288.1/1020598-1022138,0.2673588578844906,0.2199870214146658,0.29526281635301754,0.21739130434782608,rRNA
CP035288.1/808720-810260,0.2673588578844906,0.22063595068137573,0.29526281635301754,0.21674237508111616,rRNA
CP035288.1/810527-813450,0.2753077975376197,0.20656634746922026,0.2978796169630643,0.22024623803009577,rRNA
CP035288.1/810529-813450,0.2751540041067762,0.20670773442847365,0.29808350444900755,0.22005475701574265,rRNA
CP035288.1/810692-813439,0.27438136826783116,0.20924308588064047,0.29912663755458513,0.21724890829694324,rRNA
NC_007795.1/492125-492239,0.25217391304347825,0.25217391304347825,0.2608695652173913,0.23478260869565218,rRNA
NC_007795.1/453734-453847,0.2631578947368421,0.24561403508771928,0.2631578947368421,0.22807017543859648,rRNA
NC_007795.1/495030-495184,0.2838709677419355,0.17419354838709677,0.2903225806451613,0.25161290322580643,rRNA
NC_007795.1/1906484-1904933,0.26804123711340205,0.21778350515463918,0.2918814432989691,0.22229381443298968,rRNA
NC_007795.1/493100-494651,0.26804123711340205,0.2190721649484536,0.2918814432989691,0.22100515463917525,rRNA
NC_007795.1/2127953-2126402,0.26739690721649484,0.2190721649484536,0.2925257731958763,0.22100515463917525,rRNA
NC_007795.1/448820-450372,0.2678686413393432,0.21957501609787508,0.2910495814552479,0.2215067611075338,rRNA
NC_007795.1/2244355-2242802,0.2676962676962677,0.22007722007722008,0.2915057915057915,0.22072072072072071,rRNA
NC_007795.1/1906479-1904935,0.2686084142394822,0.21877022653721684,0.29320388349514565,0.21941747572815534,rRNA
NC_007795.1/493105-494649,0.2686084142394822,0.22006472491909385,0.29320388349514565,0.2181229773462783,rRNA
NC_007795.1/448825-450370,0.2684346701164295,0.2205692108667529,0.2923673997412678,0.2186287192755498,rRNA
NC_007795.1/2127948-2126404,0.26796116504854367,0.22006472491909385,0.29385113268608415,0.2181229773462783,rRNA
NC_007795.1/2244350-2242804,0.2682611506140918,0.22107304460245636,0.29282482223658696,0.2178409825468649,rRNA
NC_007795.1/1906479-1904938,0.2691309987029831,0.2178988326848249,0.29377431906614787,0.2191958495460441,rRNA
NC_007795.1/493105-494646,0.2691309987029831,0.2191958495460441,0.29377431906614787,0.2178988326848249,rRNA
NC_007795.1/448825-450367,0.26895657809462087,0.21970187945560596,0.2929358392741413,0.21840570317563188,rRNA
NC_007795.1/2127948-2126407,0.26848249027237353,0.2191958495460441,0.29442282749675747,0.2178988326848249,rRNA
NC_007795.1/2244350-2242807,0.26878238341968913,0.22020725388601037,0.2933937823834197,0.21761658031088082,rRNA
NC_007795.1/2125855-2122931,0.27658119658119656,0.2041025641025641,0.29572649572649573,0.2235897435897436,rRNA
NC_007795.1/495016-497940,0.27658119658119656,0.2041025641025641,0.29572649572649573,0.2235897435897436,rRNA
NC_007795.1/1904459-1901536,0.2777017783857729,0.20417236662106703,0.2951436388508892,0.22298221614227087,rRNA
NC_007795.1/450737-453661,0.27760683760683763,0.2041025641025641,0.29504273504273504,0.22324786324786325,rRNA
NC_007795.1/2125853-2122931,0.27642832706123843,0.20424221690044475,0.2959288402326377,0.2234006158056791,rRNA
NC_007795.1/495018-497940,0.27642832706123843,0.20424221690044475,0.2959288402326377,0.2234006158056791,rRNA
NC_007795.1/450739-453661,0.27745466985973316,0.20424221690044475,0.2952446117003079,0.2230585015395142,rRNA
NC_007795.1/1904457-1901536,0.27754962354551677,0.20431211498973306,0.29534565366187543,0.22279260780287474,rRNA
NC_007795.1/2125690-2122942,0.2753728628592215,0.20698435794834485,0.2971989814477992,0.2204437977446344,rRNA
NC_007795.1/450902-453650,0.27610040014550746,0.20698435794834485,0.29683521280465625,0.22008002910149146,rRNA
NC_007795.1/495181-497929,0.2753728628592215,0.20698435794834485,0.2971989814477992,0.2204437977446344,rRNA
NC_007795.1/1904294-1901547,0.2765647743813683,0.20705967976710335,0.2965793304221252,0.2197962154294032,rRNA
U00096.3/4040519-4040634,0.19827586206896552,0.29310344827586204,0.3448275862068966,0.16379310344827586,rRNA
U00096.3/4171639-4171754,0.19827586206896552,0.3017241379310345,0.3448275862068966,0.15517241379310345,rRNA
U00096.3/3941808-3943349,0.2529182879377432,0.22892347600518806,0.3151750972762646,0.20298313878080415,rRNA
U00096.3/3428762-3427221,0.251621271076524,0.22957198443579765,0.3158236057068742,0.20298313878080415,rRNA
U00096.3/2731157-2729616,0.2503242542153048,0.22892347600518806,0.31712062256809337,0.20363164721141375,rRNA
U00096.3/4035531-4037072,0.2522697795071336,0.22827496757457846,0.3151750972762646,0.20428015564202334,rRNA
U00096.3/4166659-4168200,0.2522697795071336,0.22827496757457846,0.3158236057068742,0.20363164721141375,rRNA
U00096.3/223771-225312,0.251621271076524,0.22827496757457846,0.3151750972762646,0.20492866407263294,rRNA
U00096.3/3941813-3943347,0.2514657980456026,0.22996742671009773,0.3166123778501629,0.20195439739413681,rRNA
U00096.3/4035536-4037070,0.250814332247557,0.2293159609120521,0.3166123778501629,0.20325732899022803,rRNA
U00096.3/3428757-3427223,0.2501628664495114,0.23061889250814332,0.3172638436482085,0.20195439739413681,rRNA
U00096.3/4166664-4168198,0.250814332247557,0.2293159609120521,0.3172638436482085,0.2026058631921824,rRNA
U00096.3/2731152-2729618,0.2488599348534202,0.22996742671009773,0.31856677524429966,0.2026058631921824,rRNA
U00096.3/223776-225310,0.2501628664495114,0.2293159609120521,0.3166123778501629,0.20390879478827362,rRNA
U00096.3/3941813-3943344,0.2519582245430809,0.22911227154046998,0.31723237597911225,0.20169712793733682,rRNA
U00096.3/223776-225307,0.2506527415143603,0.22845953002610966,0.31723237597911225,0.20365535248041775,rRNA
U00096.3/3428757-3427226,0.2506527415143603,0.2297650130548303,0.3178851174934726,0.20169712793733682,rRNA
U00096.3/4166664-4168195,0.25130548302872063,0.22845953002610966,0.3178851174934726,0.20234986945169714,rRNA
U00096.3/4035536-4037067,0.25130548302872063,0.22845953002610966,0.31723237597911225,0.20300261096605743,rRNA
U00096.3/2731152-2729621,0.24934725848563968,0.22911227154046998,0.3191906005221932,0.20234986945169714,rRNA
U00096.3/4210042-4212945,0.2627410468319559,0.22004132231404958,0.3140495867768595,0.20316804407713498,rRNA
U00096.3/2729185-2726282,0.2627410468319559,0.22004132231404958,0.3140495867768595,0.20316804407713498,rRNA
U00096.3/4037518-4040422,0.2633390705679862,0.2189328743545611,0.3135972461273666,0.20413080895008606,rRNA
U00096.3/225758-228661,0.2634297520661157,0.21866391184573003,0.31370523415977963,0.20420110192837465,rRNA
U00096.3/3943703-3946606,0.26377410468319556,0.2196969696969697,0.3133608815426997,0.20316804407713498,rRNA
U00096.3/3426784-3423881,0.2634297520661157,0.2196969696969697,0.31370523415977963,0.20316804407713498,rRNA
U00096.3/2729184-2726281,0.26239669421487605,0.22004132231404958,0.3140495867768595,0.20351239669421486,rRNA
U00096.3/4210043-4212946,0.26239669421487605,0.22004132231404958,0.3140495867768595,0.20351239669421486,rRNA
U00096.3/225759-228662,0.2630853994490358,0.21866391184573003,0.31370523415977963,0.20454545454545456,rRNA
U00096.3/4037519-4040423,0.2629948364888124,0.2189328743545611,0.3135972461273666,0.2044750430292599,rRNA
U00096.3/3943704-3946607,0.2634297520661157,0.2196969696969697,0.3133608815426997,0.20351239669421486,rRNA
U00096.3/3426783-3423880,0.2630853994490358,0.2196969696969697,0.31370523415977963,0.20351239669421486,rRNA
U00096.3/2729025-2726292,0.2622531089978054,0.22055596196049743,0.31565471836137526,0.20153621068032188,rRNA
U00096.3/4210202-4212933,0.26207906295754024,0.22071742313323572,0.31551976573938506,0.20168374816983894,rRNA
U00096.3/4037678-4040410,0.26271496523966337,0.21953896816684962,0.3150384193194292,0.20270764727405782,rRNA
U00096.3/225918-228649,0.26281112737920936,0.2192532942898975,0.31515373352855053,0.2027818448023426,rRNA
U00096.3/3943863-3946594,0.2631771595900439,0.22035139092240116,0.31478770131771594,0.20168374816983894,rRNA
U00096.3/3426624-3423891,0.26298463789319676,0.22019019751280175,0.3152889539136796,0.20153621068032188,rRNA
NZ_CP071878.1/5348415-5348526,0.22321428571428573,0.2857142857142857,0.29464285714285715,0.19642857142857142,rRNA
NZ_CP071878.1/5345236-5345383,0.31756756756756754,0.16891891891891891,0.2972972972972973,0.21621621621621623,rRNA
NZ_CP071878.1/6235097-6236616,0.26973684210526316,0.21776315789473685,0.29736842105263156,0.21513157894736842,rRNA
NZ_CP071878.1/5921547-5923062,0.2704485488126649,0.2170184696569921,0.29683377308707126,0.21569920844327176,rRNA
NZ_CP071878.1/5343015-5344533,0.2705727452271231,0.21724818959842002,0.2975641869651086,0.21461487820934824,rRNA
NZ_CP071878.1/6235102-6236614,0.2690019828155982,0.21810971579643093,0.29874421678783875,0.21414408460013218,rRNA
NZ_CP071878.1/5921552-5923060,0.26971504307488403,0.21736249171636846,0.2982107355864811,0.2147117296222664,rRNA
NZ_CP071878.1/5343020-5344531,0.2698412698412698,0.2175925925925926,0.29894179894179895,0.21362433862433863,rRNA
NZ_CP071878.1/5921552-5923057,0.2702523240371846,0.21646746347941567,0.29880478087649404,0.21447543160690571,rRNA
NZ_CP071878.1/6235102-6236611,0.2695364238410596,0.21721854304635763,0.2993377483443709,0.2139072847682119,rRNA
NZ_CP071878.1/5343020-5344528,0.27037773359840955,0.21669980119284293,0.29953611663353213,0.21338634857521538,rRNA
NZ_CP071878.1/5345221-5348100,0.290625,0.19756944444444444,0.2947916666666667,0.2170138888888889,rRNA
NZ_CP071878.1/5923749-5926628,0.290625,0.19722222222222222,0.2951388888888889,0.2170138888888889,rRNA
NZ_CP071878.1/6237303-6240182,0.29097222222222224,0.19722222222222222,0.2951388888888889,0.21666666666666667,rRNA
NZ_CP071878.1/6237305-6240182,0.29082696316886725,0.19735927727588604,0.2953439888811675,0.21646977067407921,rRNA
NZ_CP071878.1/5345223-5348100,0.2904794996525365,0.1977067407922168,0.29499652536483667,0.21681723419041002,rRNA
NZ_CP071878.1/5923751-5926628,0.2904794996525365,0.19735927727588604,0.2953439888811675,0.21681723419041002,rRNA
NZ_CP071878.1/6237446-6240325,0.290625,0.19791666666666666,0.28923611111111114,0.2222222222222222,rRNA
NZ_CP071878.1/5923892-5926770,0.29003126085446335,0.19833275442862106,0.2889892323723515,0.22264675234456408,rRNA
NZ_CP071878.1/5345364-5348243,0.2902777777777778,0.19826388888888888,0.28888888888888886,0.22256944444444443,rRNA
NC_019693.1/2201352-2201469,0.17796610169491525,0.3135593220338983,0.3220338983050847,0.1864406779661017,rRNA
NC_019693.1/3799265-3800754,0.2543624161073825,0.22684563758389262,0.31543624161073824,0.20335570469798658,rRNA
NC_019693.1/2196567-2198056,0.2550335570469799,0.22885906040268456,0.31543624161073824,0.20067114093959731,rRNA
NC_019693.1/7171546-7170056,0.2515090543259557,0.22803487592219987,0.31723675385647215,0.20321931589537223,rRNA
NC_019693.1/3799270-3800752,0.2528658125421443,0.227242076871207,0.31692515171948754,0.20296695886716115,rRNA
NC_019693.1/2196572-2198054,0.25354012137559,0.22926500337154418,0.31692515171948754,0.2002697235333783,rRNA
NC_019693.1/7171541-7170058,0.25,0.2284366576819407,0.318733153638814,0.2028301886792453,rRNA
NC_019693.1/3799270-3800749,0.2533783783783784,0.22635135135135134,0.31756756756756754,0.20270270270270271,rRNA
NC_019693.1/7171541-7170061,0.25050641458474004,0.2275489534098582,0.3193787981093856,0.2025658338960162,rRNA
NC_019693.1/2196572-2198051,0.25405405405405407,0.22837837837837838,0.31756756756756754,0.2,rRNA
NC_019693.1/7169713-7166824,0.2750865051903114,0.22145328719723184,0.3152249134948097,0.18823529411764706,rRNA
NC_019693.1/3801302-3804191,0.2754325259515571,0.22145328719723184,0.31557093425605537,0.1875432525951557,rRNA
NC_019693.1/2198399-2201289,0.2756831546177793,0.22068488412314077,0.31511587685921827,0.18851608439986164,rRNA
NC_019693.1/7169711-7166824,0.2752770083102493,0.22160664819944598,0.31509695290858725,0.18801939058171746,rRNA
NC_019693.1/3801304-3804191,0.2756232686980609,0.22160664819944598,0.3154432132963989,0.18732686980609417,rRNA
NC_019693.1/2198401-2201289,0.27587400484596747,0.22083766008999653,0.314987885081343,0.18830044998269296,rRNA
NC_019693.1/7169565-7166823,0.27561064527889173,0.22056142909223478,0.3135253372220197,0.19030258840685382,rRNA
NC_019693.1/3801450-3804192,0.27597520962449873,0.22056142909223478,0.3138899015676267,0.1895734597156398,rRNA
NC_019693.1/2198547-2201290,0.2762390670553936,0.2197521865889213,0.31341107871720114,0.19059766763848396,rRNA
nameseq,A,C,G,T,label
AE006468.2/2068733-2068650,0.2261904761904762,0.23809523809523808,0.2261904761904762,0.30952380952380953,sRNA
AE006468.2/3117057-3116702,0.2949438202247191,0.20224719101123595,0.3258426966292135,0.17696629213483145,sRNA
AE006468.2/4209069-4209188,0.225,0.18333333333333332,0.225,0.36666666666666664,sRNA
AE006468.2/1444929-1444822,0.26851851851851855,0.19444444444444445,0.19444444444444445,0.3425925925925926,sRNA
AE006468.2/4342998-4342887,0.25,0.2857142857142857,0.23214285714285715,0.23214285714285715,sRNA
AE006468.2/3715478-3715414,0.18461538461538463,0.2153846153846154,0.18461538461538463,0.4153846153846154,sRNA
AE006468.2/1352932-1352865,0.14705882352941177,0.27941176470588236,0.20588235294117646,0.36764705882352944,sRNA
AE006468.2/1275059-1275226,0.25,0.2261904761904762,0.21428571428571427,0.30952380952380953,sRNA
AE006468.2/2966857-2966929,0.2054794520547945,0.2328767123287671,0.2191780821917808,0.3424657534246575,sRNA
AE006468.2/3170214-3170128,0.16091954022988506,0.2413793103448276,0.25287356321839083,0.3448275862068966,sRNA
AE006468.2/3170414-3170330,0.27058823529411763,0.2,0.23529411764705882,0.29411764705882354,sRNA
AE006468.2/3490390-3490494,0.22857142857142856,0.3142857142857143,0.2571428571428571,0.2,sRNA
AE006468.2/3451446-3451613,0.27380952380952384,0.2976190476190476,0.20238095238095238,0.2261904761904762,sRNA
AE006468.2/4141660-4141867,0.21153846153846154,0.28365384615384615,0.20673076923076922,0.2980769230769231,sRNA
AE006468.2/2707847-2707662,0.23655913978494625,0.2903225806451613,0.22043010752688172,0.25268817204301075,sRNA
AE006468.2/4210168-4210422,0.3176470588235294,0.1843137254901961,0.30980392156862746,0.18823529411764706,sRNA
AE006468.2/1968046-1968190,0.296551724137931,0.2,0.25517241379310346,0.2482758620689655,sRNA
AE006468.2/942632-942554,0.12658227848101267,0.24050632911392406,0.22784810126582278,0.4050632911392405,sRNA
AE006468.2/1968149-1968050,0.22,0.28,0.2,0.3,sRNA
AE006468.2/2231127-2231211,0.27058823529411763,0.3058823529411765,0.17647058823529413,0.24705882352941178,sRNA
AE006468.2/1450417-1450477,0.26229508196721313,0.2786885245901639,0.32786885245901637,0.13114754098360656,sRNA
AE006468.2/1745783-1745663,0.18181818181818182,0.2231404958677686,0.2066115702479339,0.3884297520661157,sRNA
AE006468.2/2674933-2675228,0.18243243243243243,0.2939189189189189,0.28716216216216217,0.23648648648648649,sRNA
AE006468.2/254182-254268,0.2413793103448276,0.22988505747126436,0.27586206896551724,0.25287356321839083,sRNA
AE006468.2/2707848-2707701,0.24324324324324326,0.30405405405405406,0.21621621621621623,0.23648648648648649,sRNA
AE006468.2/4141662-4141810,0.2348993288590604,0.2953020134228188,0.19463087248322147,0.2751677852348993,sRNA
AE006468.2/556007-556088,0.3048780487804878,0.18292682926829268,0.23170731707317074,0.2804878048780488,sRNA
AE006468.2/728916-728756,0.2360248447204969,0.2795031055900621,0.2484472049689441,0.2360248447204969,sRNA
AE006468.2/1915257-1915169,0.2696629213483146,0.2247191011235955,0.29213483146067415,0.21348314606741572,sRNA
AE006468.2/2656256-2656165,0.17391304347826086,0.22826086956521738,0.33695652173913043,0.2608695652173913,sRNA
AE006468.2/1729667-1729732,0.10606060606060606,0.3333333333333333,0.2727272727272727,0.2878787878787879,sRNA
AE006468.2/339459-339587,0.15503875968992248,0.2713178294573643,0.3023255813953488,0.2713178294573643,sRNA
AE006468.2/1104182-1104269,0.13636363636363635,0.26136363636363635,0.32954545454545453,0.2727272727272727,sRNA
AE006468.2/1329217-1329334,0.3220338983050847,0.2288135593220339,0.22033898305084745,0.2288135593220339,sRNA
AE006468.2/1345778-1345728,0.21568627450980393,0.27450980392156865,0.21568627450980393,0.29411764705882354,sRNA
AE006468.2/1630153-1629864,0.2689655172413793,0.22758620689655173,0.29310344827586204,0.2103448275862069,sRNA
AE006468.2/1137490-1137212,0.10752688172043011,0.3010752688172043,0.32974910394265233,0.2616487455197133,sRNA
AE006468.2/2736073-2736351,0.1111111111111111,0.2974910394265233,0.32616487455197135,0.26523297491039427,sRNA
AE006468.2/1000099-999821,0.0967741935483871,0.3046594982078853,0.32974910394265233,0.26881720430107525,sRNA
AE006468.2/2344731-2345012,0.12056737588652482,0.30851063829787234,0.3120567375886525,0.25886524822695034,sRNA
AE006468.2/2394581-2394302,0.2714285714285714,0.20357142857142857,0.2642857142857143,0.26071428571428573,sRNA
AE006468.2/1177433-1177531,0.32323232323232326,0.1717171717171717,0.24242424242424243,0.26262626262626265,sRNA
AE006468.2/2761464-2761367,0.25510204081632654,0.20408163265306123,0.2755102040816326,0.2653061224489796,sRNA
AE006468.2/2762034-2761960,0.25333333333333335,0.26666666666666666,0.2,0.28,sRNA
AE006468.2/2762870-2762794,0.2077922077922078,0.2857142857142857,0.2987012987012987,0.2077922077922078,sRNA
AE006468.2/2839403-2839059,0.1855072463768116,0.26666666666666666,0.2985507246376812,0.2492753623188406,sRNA
AE006468.2/2906929-2907071,0.22377622377622378,0.23076923076923078,0.27972027972027974,0.26573426573426573,sRNA
AE006468.2/3198386-3198586,0.18407960199004975,0.25870646766169153,0.2736318407960199,0.2835820895522388,sRNA
AE006468.2/4306732-4306879,0.21621621621621623,0.20270270270270271,0.23648648648648649,0.34459459459459457,sRNA
AE006468.2/4763015-4763176,0.2962962962962963,0.21604938271604937,0.2222222222222222,0.2654320987654321,sRNA
AE006468.2/2077172-2077266,0.23157894736842105,0.17894736842105263,0.1368421052631579,0.45263157894736844,sRNA
AE006468.2/1325904-1325639,0.34962406015037595,0.16165413533834586,0.18421052631578946,0.30451127819548873,sRNA
AE006468.2/3194991-3194927,0.2923076923076923,0.2,0.18461538461538463,0.3230769230769231,sRNA
AE006468.2/4559209-4559284,0.18421052631578946,0.21052631578947367,0.2631578947368421,0.34210526315789475,sRNA
AE006468.2/1025036-1025159,0.31451612903225806,0.22580645161290322,0.20161290322580644,0.25806451612903225,sRNA
AE006468.2/1216146-1216429,0.25,0.2147887323943662,0.27816901408450706,0.25704225352112675,sRNA
AE006468.2/1593850-1594070,0.2398190045248869,0.26244343891402716,0.23529411764705882,0.26244343891402716,sRNA
AE006468.2/4505026-4504886,0.3049645390070922,0.2553191489361702,0.2624113475177305,0.1773049645390071,sRNA
AE006468.2/2596881-2596788,0.2872340425531915,0.24468085106382978,0.2553191489361702,0.2127659574468085,sRNA
AE006468.2/1750046-1749929,0.22033898305084745,0.22033898305084745,0.2288135593220339,0.3305084745762712,sRNA
AE006468.2/505472-505376,0.29896907216494845,0.20618556701030927,0.2268041237113402,0.26804123711340205,sRNA
AE006468.2/176236-176124,0.23893805309734514,0.20353982300884957,0.20353982300884957,0.35398230088495575,sRNA
AE006468.2/13520-13594,0.28,0.2,0.30666666666666664,0.21333333333333335,sRNA
AE006468.2/58792-58923,0.25,0.19696969696969696,0.19696969696969696,0.3560606060606061,sRNA
AE006468.2/4758350-4758205,0.3424657534246575,0.13013698630136986,0.21232876712328766,0.3150684931506849,sRNA
AE006468.2/94548-94770,0.23318385650224216,0.2914798206278027,0.23318385650224216,0.242152466367713,sRNA
AE006468.2/4645149-4645094,0.23214285714285715,0.30357142857142855,0.17857142857142858,0.2857142857142857,sRNA
AE006468.2/4532489-4532654,0.2289156626506024,0.21084337349397592,0.23493975903614459,0.3253012048192771,sRNA
AE006468.2/4442074-4441913,0.35802469135802467,0.1419753086419753,0.19135802469135801,0.30864197530864196,sRNA
AE006468.2/4251552-4251493,0.3,0.18333333333333332,0.25,0.26666666666666666,sRNA
AE006468.2/3885748-3885641,0.28703703703703703,0.12962962962962962,0.3611111111111111,0.2222222222222222,sRNA
AE006468.2/3902665-3902606,0.2,0.16666666666666666,0.25,0.38333333333333336,sRNA
AE006468.2/161464-161531,0.23529411764705882,0.25,0.27941176470588236,0.23529411764705882,sRNA
AE006468.2/182539-182458,0.24390243902439024,0.23170731707317074,0.17073170731707318,0.35365853658536583,sRNA
AE006468.2/4072520-4072677,0.2974683544303797,0.24050632911392406,0.17088607594936708,0.2911392405063291,sRNA
AE006468.2/3780266-3780414,0.3691275167785235,0.14093959731543623,0.18791946308724833,0.30201342281879195,sRNA
AE006468.2/3761452-3761385,0.3235294117647059,0.16176470588235295,0.3088235294117647,0.20588235294117646,sRNA
AE006468.2/3839700-3839770,0.352112676056338,0.14084507042253522,0.14084507042253522,0.36619718309859156,sRNA
AE006468.2/3635892-3635764,0.34108527131782945,0.15503875968992248,0.18604651162790697,0.3178294573643411,sRNA
AE006468.2/3404902-3404956,0.2545454545454545,0.2727272727272727,0.2,0.2727272727272727,sRNA
AE006468.2/3393334-3393274,0.22950819672131148,0.19672131147540983,0.32786885245901637,0.2459016393442623,sRNA
AE006468.2/587851-587922,0.4166666666666667,0.20833333333333334,0.19444444444444445,0.18055555555555555,sRNA
AE006468.2/670160-670308,0.2348993288590604,0.2214765100671141,0.2684563758389262,0.2751677852348993,sRNA
AE006468.2/3283972-3283814,0.2893081761006289,0.14465408805031446,0.13836477987421383,0.4276729559748428,sRNA
AE006468.2/3179546-3179628,0.20481927710843373,0.2289156626506024,0.3132530120481928,0.25301204819277107,sRNA
AE006468.2/3010814-3010973,0.39375,0.18125,0.10625,0.31875,sRNA
AE006468.2/2966077-2966251,0.3485714285714286,0.2057142857142857,0.13142857142857142,0.3142857142857143,sRNA
AE006468.2/2147406-2147330,0.2857142857142857,0.2077922077922078,0.19480519480519481,0.3116883116883117,sRNA
AE006468.2/2115367-2115449,0.3132530120481928,0.20481927710843373,0.1686746987951807,0.3132530120481928,sRNA
AE006468.2/975014-975227,0.2523364485981308,0.24299065420560748,0.24299065420560748,0.2616822429906542,sRNA
AE006468.2/976551-976769,0.2511415525114155,0.2602739726027397,0.2191780821917808,0.2694063926940639,sRNA
AE006468.2/1333455-1333646,0.21875,0.21354166666666666,0.22916666666666666,0.3385416666666667,sRNA
AE006468.2/975428-975550,0.2682926829268293,0.2845528455284553,0.2682926829268293,0.17886178861788618,sRNA
AE006468.2/2079065-2078987,0.26582278481012656,0.22784810126582278,0.189873417721519,0.31645569620253167,sRNA
AE006468.2/2032401-2032577,0.3163841807909605,0.20903954802259886,0.2655367231638418,0.20903954802259886,sRNA
AE006468.2/1807770-1807559,0.22169811320754718,0.22169811320754718,0.2169811320754717,0.33962264150943394,sRNA
AE006468.2/1606109-1605777,0.3213213213213213,0.15915915915915915,0.15315315315315314,0.3663663663663664,sRNA
AE006468.2/1508937-1509324,0.29381443298969073,0.2036082474226804,0.24742268041237114,0.2551546391752577,sRNA
AE006468.2/1419360-1419561,0.29207920792079206,0.24752475247524752,0.21782178217821782,0.24257425742574257,sRNA
AE006468.2/1045235-1045101,0.37777777777777777,0.16296296296296298,0.2074074074074074,0.2518518518518518,sRNA
AE006468.2/1331430-1332240,0.3033292231812577,0.1344019728729963,0.218249075215783,0.344019728729963,sRNA
AE006468.2/3682721-3682613,0.1926605504587156,0.25688073394495414,0.28440366972477066,0.26605504587155965,sRNA
AE006468.2/3682845-3682727,0.20168067226890757,0.2857142857142857,0.2857142857142857,0.226890756302521,sRNA
AE006468.2/4692474-4692549,0.19736842105263158,0.27631578947368424,0.3026315789473684,0.2236842105263158,sRNA
AE006468.2/92138-92056,0.1566265060240964,0.3493975903614458,0.30120481927710846,0.1927710843373494,sRNA
AE006468.2/3682926-3682849,0.1794871794871795,0.2948717948717949,0.28205128205128205,0.24358974358974358,sRNA
AE006468.2/638853-638996,0.24305555555555555,0.2013888888888889,0.2708333333333333,0.2847222222222222,sRNA
AE006468.2/2001250-2000943,0.21753246753246752,0.2435064935064935,0.275974025974026,0.262987012987013,sRNA
AE006468.2/1230515-1230422,0.2553191489361702,0.20212765957446807,0.1702127659574468,0.3723404255319149,sRNA
AE006468.2/4217208-4217315,0.3148148148148148,0.25,0.19444444444444445,0.24074074074074073,sRNA
AE006468.2/4178423-4178674,0.21031746031746032,0.25396825396825395,0.3412698412698413,0.19444444444444445,sRNA
AE006468.2/2905054-2905382,0.3069908814589666,0.2765957446808511,0.12158054711246201,0.2948328267477204,sRNA
AE006468.2/2804811-2804673,0.2517985611510791,0.2014388489208633,0.2158273381294964,0.33093525179856115,sRNA
AE006468.2/155602-155691,0.28888888888888886,0.16666666666666666,0.28888888888888886,0.25555555555555554,sRNA
AE006468.2/255108-255217,0.23636363636363636,0.22727272727272727,0.34545454545454546,0.19090909090909092,sRNA
AE006468.2/2427413-2427506,0.22340425531914893,0.2978723404255319,0.26595744680851063,0.2127659574468085,sRNA
AE006468.2/2085213-2085341,0.24806201550387597,0.29457364341085274,0.2558139534883721,0.20155038759689922,sRNA
AE006468.2/2900235-2900363,0.20155038759689922,0.35658914728682173,0.2713178294573643,0.17054263565891473,sRNA
AL123456.3/918365-918432,0.19117647058823528,0.3382352941176471,0.3088235294117647,0.16176470588235295,sRNA
AL123456.3/1222344-1222277,0.1323529411764706,0.3088235294117647,0.35294117647058826,0.20588235294117646,sRNA
AL123456.3/704187-704247,0.16393442622950818,0.32786885245901637,0.3770491803278688,0.13114754098360656,sRNA
AL123456.3/293604-293661,0.15517241379310345,0.3793103448275862,0.29310344827586204,0.1724137931034483,sRNA
AL123456.3/1413210-1413102,0.22018348623853212,0.30275229357798167,0.3577981651376147,0.11926605504587157,sRNA
AL123456.3/3439753-3439709,0.2,0.24444444444444444,0.37777777777777777,0.17777777777777778,sRNA
AL123456.3/2098417-2098123,0.1694915254237288,0.3152542372881356,0.31864406779661014,0.19661016949152543,sRNA
AL123456.3/4100684-4100985,0.1986754966887417,0.2913907284768212,0.33112582781456956,0.17880794701986755,sRNA
