nameseq,A,C,G,T,label
URS000005D43A/Bacillus,0.3125,0.175,0.1625,0.35,snoRNA
URS00000D3F17/Streptococcus,0.4,0.08421052631578947,0.14736842105263157,0.3684210526315789,snoRNA
URS00001BC76C/Escherichia,0.22807017543859648,0.22807017543859648,0.19298245614035087,0.3508771929824561,snoRNA
URS000023547A/Escherichia,0.2923076923076923,0.07692307692307693,0.1076923076923077,0.5230769230769231,snoRNA
URS0000005B38/Streptococcus,0.37623762376237624,0.13861386138613863,0.15841584158415842,0.32673267326732675,snoRNA
URS000006718D/Leptospira,0.449438202247191,0.06741573033707865,0.0898876404494382,0.39325842696629215,snoRNA
URS00000854BE/Escherichia,0.26126126126126126,0.21621621621621623,0.22072072072072071,0.30180180180180183,snoRNA
URS0000124DD5/Paenibacillus,0.21428571428571427,0.2571428571428571,0.3142857142857143,0.21428571428571427,snoRNA
URS0000127397/Lactobacillus,0.35294117647058826,0.1323529411764706,0.16176470588235295,0.35294117647058826,snoRNA
URS00001E230C/Staphylococcus,0.373134328358209,0.1791044776119403,0.14925373134328357,0.29850746268656714,snoRNA
URS00001E3B30/Parvimonas,0.36666666666666664,0.06666666666666667,0.1111111111111111,0.45555555555555555,snoRNA
URS0000268466/Dehalococcoides,0.28125,0.21875,0.203125,0.296875,snoRNA
URS00002AF467/Eubacterium,0.4594594594594595,0.10810810810810811,0.20270270270270271,0.22972972972972974,snoRNA
URS00002D157B/Leptospira,0.47126436781609193,0.05747126436781609,0.09195402298850575,0.3793103448275862,snoRNA
URS00002E1883/Peptoanaerobacter,0.391304347826087,0.08695652173913043,0.05434782608695652,0.4673913043478261,snoRNA
URS00002F2D9A/Acinetobacter,0.4492753623188406,0.07246376811594203,0.11594202898550725,0.36231884057971014,snoRNA
URS00002FAE9F/Prevotella,0.34210526315789475,0.07894736842105263,0.18421052631578946,0.39473684210526316,snoRNA
URS0000300953/Aerococcus,0.3894736842105263,0.08421052631578947,0.12631578947368421,0.4,snoRNA
URS000034047B/Staphylococcus,0.39080459770114945,0.16091954022988506,0.13793103448275862,0.3103448275862069,snoRNA
URS000034BF4D/Fusobacterium,0.49473684210526314,0.08421052631578947,0.1368421052631579,0.28421052631578947,snoRNA
URS000038DB28/Bacteriovorax,0.36666666666666664,0.15555555555555556,0.17777777777777778,0.3,snoRNA
URS00003A415F/Prevotella,0.3157894736842105,0.17894736842105263,0.16842105263157894,0.3368421052631579,snoRNA
URS00003A53FD/Dehalococcoides,0.29069767441860467,0.20930232558139536,0.23255813953488372,0.26744186046511625,snoRNA
URS00003A8C6B/Escherichia,0.1935483870967742,0.27419354838709675,0.25806451612903225,0.27419354838709675,snoRNA
URS00003E50B7/Peptoanaerobacter,0.4383561643835616,0.1095890410958904,0.2328767123287671,0.2191780821917808,snoRNA
URS000042F7F8/Olsenella,0.23076923076923078,0.2564102564102564,0.2564102564102564,0.2564102564102564,snoRNA
URS000043DF2B/Bacillus,0.38571428571428573,0.1,0.11428571428571428,0.4,snoRNA
URS0000442AE5/Escherichia,0.29069767441860467,0.29069767441860467,0.1511627906976744,0.26744186046511625,snoRNA
URS0000444F4B/Staphylococcus,0.37777777777777777,0.1111111111111111,0.13333333333333333,0.37777777777777777,snoRNA
URS000045F19A/Pseudomonas,0.2857142857142857,0.22448979591836735,0.2653061224489796,0.22448979591836735,snoRNA
URS000046068B/Peptoniphilus,0.39436619718309857,0.08450704225352113,0.18309859154929578,0.3380281690140845,snoRNA
URS0000467D3B/Clostridium,0.27631578947368424,0.21052631578947367,0.25,0.2631578947368421,snoRNA
URS00004A6F12/Acinetobacter,0.32954545454545453,0.14772727272727273,0.20454545454545456,0.3181818181818182,snoRNA
URS00004B8A9C/Borreliella,0.3764705882352941,0.09411764705882353,0.12941176470588237,0.4,snoRNA
URS00004BC090/Staphylococcus,0.3055555555555556,0.125,0.16666666666666666,0.4027777777777778,snoRNA
URS00004E002C/Escherichia,0.2318840579710145,0.26570048309178745,0.20772946859903382,0.2946859903381642,snoRNA
URS00004ED4E8/Ruminococcus,0.35526315789473684,0.11842105263157894,0.18421052631578946,0.34210526315789475,snoRNA
URS00004FB377/Escherichia,0.25675675675675674,0.2905405405405405,0.22297297297297297,0.22972972972972974,snoRNA
URS0000528960/Escherichia,0.24390243902439024,0.2073170731707317,0.2682926829268293,0.2804878048780488,snoRNA
URS000052A82F/Lachnoanaerobaculum,0.3611111111111111,0.1527777777777778,0.18055555555555555,0.3055555555555556,snoRNA
URS000053B4A6/Staphylococcus,0.26865671641791045,0.16417910447761194,0.1791044776119403,0.3880597014925373,snoRNA
URS0000572081/Fusobacterium,0.45054945054945056,0.12087912087912088,0.16483516483516483,0.26373626373626374,snoRNA
URS00005764CB/Listeria,0.3333333333333333,0.17857142857142858,0.17857142857142858,0.30952380952380953,snoRNA
URS0000579220/Pseudomonas,0.2714285714285714,0.2,0.3,0.22857142857142856,snoRNA
URS0000579A2E/Staphylococcus,0.391304347826087,0.07246376811594203,0.07246376811594203,0.463768115942029,snoRNA
URS0000581B0C/Streptococcus,0.22727272727272727,0.12121212121212122,0.30303030303030304,0.3484848484848485,snoRNA
URS00005879DF/Bacillus,0.391304347826087,0.11956521739130435,0.21739130434782608,0.2717391304347826,snoRNA
URS0000589823/Staphylococcus,0.27941176470588236,0.14705882352941177,0.23529411764705882,0.3382352941176471,snoRNA
URS0000595118/Ruminococcus,0.323943661971831,0.14084507042253522,0.2535211267605634,0.28169014084507044,snoRNA
URS00005C8E9E/Escherichia,0.3167701863354037,0.22981366459627328,0.2236024844720497,0.22981366459627328,snoRNA
URS00005E01BA/Ureaplasma,0.5,0.0851063829787234,0.0851063829787234,0.32978723404255317,snoRNA
URS00005E8AE1/Streptococcus,0.5057471264367817,0.12643678160919541,0.16091954022988506,0.20689655172413793,snoRNA
URS00005FD037/Streptococcus,0.3372093023255814,0.19767441860465115,0.11627906976744186,0.3488372093023256,snoRNA
URS0000601B65/Escherichia,0.12222222222222222,0.16666666666666666,0.18888888888888888,0.5222222222222223,snoRNA
URS000060693A/Leptospira,0.47572815533980584,0.05825242718446602,0.08737864077669903,0.3786407766990291,snoRNA
URS0000612931/Clostridium,0.4418604651162791,0.046511627906976744,0.23255813953488372,0.27906976744186046,snoRNA
URS0000614EC1/Capnocytophaga,0.5342465753424658,0.0273972602739726,0.1232876712328767,0.3150684931506849,snoRNA
URS000064439A/Escherichia,0.2911392405063291,0.20253164556962025,0.20253164556962025,0.3037974683544304,snoRNA
URS0000668254/Escherichia,0.2786885245901639,0.26229508196721313,0.32786885245901637,0.13114754098360656,snoRNA
URS0000691A78/Escherichia,0.23493975903614459,0.21686746987951808,0.21686746987951808,0.3313253012048193,snoRNA
URS0000691DA3/Escherichia,0.36666666666666664,0.16,0.16666666666666666,0.30666666666666664,snoRNA
URS0000696027/Escherichia,0.30179028132992325,0.2071611253196931,0.23017902813299232,0.2608695652173913,snoRNA
URS00006B944E/Escherichia,0.362962962962963,0.13333333333333333,0.22962962962962963,0.2740740740740741,snoRNA
URS00006E54FA/Escherichia,0.3669724770642202,0.1834862385321101,0.1926605504587156,0.25688073394495414,snoRNA
URS000070D6E7/Escherichia,0.2413793103448276,0.2413793103448276,0.22660098522167488,0.29064039408866993,snoRNA
URS0000735D07/Escherichia,0.22077922077922077,0.2857142857142857,0.2727272727272727,0.22077922077922077,snoRNA
URS00009D2A60/Pseudomonas,0.21768707482993196,0.24489795918367346,0.20408163265306123,0.3333333333333333,snoRNA
URS00009E59BB/Pseudomonas,0.20078740157480315,0.33858267716535434,0.2795275590551181,0.18110236220472442,snoRNA
URS00009EA88F/Pseudomonas,0.2626728110599078,0.25806451612903225,0.26497695852534564,0.21428571428571427,snoRNA
URS0000A394B1/Pseudomonas,0.29850746268656714,0.208955223880597,0.31343283582089554,0.1791044776119403,snoRNA
URS0000A55751/Pseudomonas,0.08888888888888889,0.2814814814814815,0.35555555555555557,0.2740740740740741,snoRNA
URS0000A643F4/Pseudomonas,0.16216216216216217,0.2972972972972973,0.28378378378378377,0.25675675675675674,snoRNA
URS0000A72345/Pseudomonas,0.21739130434782608,0.2246376811594203,0.2608695652173913,0.2971014492753623,snoRNA
URS0000AFCC71/Chryseobacterium,0.25,0.225,0.15,0.375,snoRNA
URS00006D7E9B/Escherichia,0.2948717948717949,0.21794871794871795,0.2564102564102564,0.23076923076923078,snoRNA
URS0000B0ED1F/Burkholderia,0.19834710743801653,0.2809917355371901,0.38016528925619836,0.14049586776859505,snoRNA
URS0000B151AA/Curtobacterium,0.16326530612244897,0.3469387755102041,0.2653061224489796,0.22448979591836735,snoRNA
URS000072FDDE/Fusobacterium,0.38571428571428573,0.08571428571428572,0.1,0.42857142857142855,snoRNA
URS0000735E97/Fusobacterium,0.43956043956043955,0.10989010989010989,0.17582417582417584,0.27472527472527475,snoRNA
URS0000743B49/Fusobacterium,0.37142857142857144,0.02857142857142857,0.18571428571428572,0.4142857142857143,snoRNA
URS000074AAB1/Eubacterium,0.42105263157894735,0.09210526315789473,0.18421052631578946,0.3026315789473684,snoRNA
URS0000753C0D/Prevotella,0.4473684210526316,0.07894736842105263,0.19736842105263158,0.27631578947368424,snoRNA
URS00007553FE/Streptococcus,0.36231884057971014,0.13043478260869565,0.21739130434782608,0.2898550724637681,snoRNA
URS0000A10225/Pseudomonas,0.22818791946308725,0.21476510067114093,0.24161073825503357,0.31543624161073824,snoRNA
URS0000B9EEC3/Escherichia,0.2342857142857143,0.26285714285714284,0.22857142857142856,0.2742857142857143,snoRNA
URS0000699735/Escherichia,0.35,0.19,0.18,0.28,snoRNA
URS000016FBD9/Escherichia,0.27586206896551724,0.2,0.2689655172413793,0.25517241379310346,snoRNA
URS00007ED7A2/Escherichia,0.24285714285714285,0.14285714285714285,0.2857142857142857,0.32857142857142857,snoRNA
URS0000265A50/Escherichia,0.2978723404255319,0.2553191489361702,0.2624113475177305,0.18439716312056736,snoRNA
URS000007DB33/Escherichia,0.2850467289719626,0.22897196261682243,0.21495327102803738,0.27102803738317754,snoRNA
URS000015AD28/Escherichia,0.22413793103448276,0.25862068965517243,0.1896551724137931,0.3275862068965517,snoRNA
URS0000694D90/Escherichia,0.2714285714285714,0.21428571428571427,0.2571428571428571,0.2571428571428571,snoRNA
URS0000008ED3/Rhizobium,0.22,0.22,0.4,0.16,snoRNA
URS0000031E16/Thermodesulfovibrio,0.4473684210526316,0.09210526315789473,0.18421052631578946,0.27631578947368424,snoRNA
URS00001AA27A/Escherichia,0.3076923076923077,0.24358974358974358,0.21794871794871795,0.23076923076923078,snoRNA
URS000011D1B3/Leptospira,0.38571428571428573,0.05714285714285714,0.1,0.45714285714285713,snoRNA
URS000021EB5B/Streptococcus,0.4418604651162791,0.11627906976744186,0.12790697674418605,0.313953488372093,snoRNA
URS0000133A43/Escherichia,0.211864406779661,0.22033898305084745,0.23728813559322035,0.3305084745762712,snoRNA
URS00002766F3/Streptococcus,0.375,0.14772727272727273,0.1590909090909091,0.3181818181818182,snoRNA
URS000013F26B/Staphylococcus,0.42528735632183906,0.12643678160919541,0.10344827586206896,0.3448275862068966,snoRNA
URS00001BC080/Staphylococcus,0.35294117647058826,0.18823529411764706,0.15294117647058825,0.3058823529411765,snoRNA
URS0000D197EE/Methylobacter,0.2647058823529412,0.22058823529411764,0.20588235294117646,0.3088235294117647,snoRNA
URS0000DD0931/Gelidibacter,0.2153846153846154,0.16923076923076924,0.26153846153846155,0.35384615384615387,snoRNA
URS000006F5B6/uncultured,0.23277661795407098,0.2546972860125261,0.3277661795407098,0.1847599164926931,snoRNA
URS0000EDFF53/Chryseobacterium,0.3235294117647059,0.1323529411764706,0.17647058823529413,0.36764705882352944,snoRNA
URS0001A120C7/Staphylococcus,0.39080459770114945,0.13793103448275862,0.1724137931034483,0.2988505747126437,snoRNA
URS0002195F7C/Chitinimonas,0.2,0.26666666666666666,0.3142857142857143,0.21904761904761905,snoRNA
URS00021C3EE7/Amycolatopsis,0.20192307692307693,0.3269230769230769,0.2980769230769231,0.17307692307692307,snoRNA
URS000223EE6B/Micromonospora,0.14563106796116504,0.36893203883495146,0.3786407766990291,0.10679611650485436,snoRNA
URS00009CC3B1/Pseudomonas,0.24180327868852458,0.25,0.25,0.2581967213114754,snoRNA
URS00009D810D/Pseudomonas,0.2722222222222222,0.2388888888888889,0.21666666666666667,0.2722222222222222,snoRNA
URS00009DD761/Pseudomonas,0.21379310344827587,0.22758620689655173,0.2206896551724138,0.33793103448275863,snoRNA
URS00022871BE/Salmonella,0.1836734693877551,0.2755102040816326,0.20408163265306123,0.336734693877551,snoRNA
URS00009FB687/Pseudomonas,0.2814070351758794,0.2613065326633166,0.23618090452261306,0.22110552763819097,snoRNA
URS0000A1840A/Pseudomonas,0.21,0.31,0.3,0.18,snoRNA
URS0000A2443F/Pseudomonas,0.23076923076923078,0.30256410256410254,0.23076923076923078,0.2358974358974359,snoRNA
URS0000A32033/Pseudomonas,0.13157894736842105,0.2789473684210526,0.3157894736842105,0.2736842105263158,snoRNA
URS0000A3B33E/Pseudomonas,0.3168831168831169,0.2753246753246753,0.23376623376623376,0.17402597402597403,snoRNA
URS0000A4C2E6/Pseudomonas,0.16666666666666666,0.2727272727272727,0.3484848484848485,0.21212121212121213,snoRNA
URS0000A58AEB/Pseudomonas,0.1262135922330097,0.2524271844660194,0.30097087378640774,0.32038834951456313,snoRNA
URS0000A591FB/Pseudomonas,0.17708333333333334,0.2708333333333333,0.2604166666666667,0.2916666666666667,snoRNA
URS0000A5B0A8/Pseudomonas,0.18487394957983194,0.3277310924369748,0.2689075630252101,0.2184873949579832,snoRNA
URS0000A5B359/Pseudomonas,0.23059866962305986,0.2638580931263858,0.25277161862527714,0.25277161862527714,snoRNA
URS0000A6B2A9/Pseudomonas,0.3189873417721519,0.25569620253164554,0.24050632911392406,0.1848101265822785,snoRNA
URS0000ACD50E/Curtobacterium,0.2,0.3384615384615385,0.2,0.26153846153846155,snoRNA
URS0000AFD6AD/Curtobacterium,0.17647058823529413,0.38235294117647056,0.29411764705882354,0.14705882352941177,snoRNA
URS0000AFEADD/Chryseobacterium,0.33695652173913043,0.20652173913043478,0.17391304347826086,0.2826086956521739,snoRNA
URS0000B1334F/Curtobacterium,0.1896551724137931,0.3275862068965517,0.29310344827586204,0.1896551724137931,snoRNA
URS0000BE89A6/Paenibacillus,0.2978723404255319,0.2127659574468085,0.2765957446808511,0.2127659574468085,snoRNA
URS0000C0B18F/Microbacterium,0.18867924528301888,0.22641509433962265,0.39622641509433965,0.18867924528301888,snoRNA
URS0000C72534/Ignavibacterium,0.37272727272727274,0.11818181818181818,0.17272727272727273,0.33636363636363636,snoRNA
URS0000C98035/Burkholderia,0.18181818181818182,0.2809917355371901,0.4049586776859504,0.1322314049586777,snoRNA
URS0000D37944/Bacillus,0.31958762886597936,0.2268041237113402,0.16494845360824742,0.28865979381443296,snoRNA
URS0000D85AD9/Acidobacteria,0.25471698113207547,0.2169811320754717,0.20754716981132076,0.32075471698113206,snoRNA
URS0000D88A8E/Oceanospirillum,0.26666666666666666,0.18095238095238095,0.3238095238095238,0.22857142857142856,snoRNA
URS0000DB4D4F/Armatimonadetes,0.19166666666666668,0.24166666666666667,0.3416666666666667,0.225,snoRNA
URS0000DB602F/Gammaproteobacteria,0.16037735849056603,0.39622641509433965,0.3113207547169811,0.1320754716981132,snoRNA
URS0000DC984A/Flavobacterium,0.2972972972972973,0.1981981981981982,0.1981981981981982,0.3063063063063063,snoRNA
URS0000DD0E8D/Streptococcus,0.2702702702702703,0.21621621621621623,0.20945945945945946,0.30405405405405406,snoRNA
URS0000DD4CD6/Streptococcus,0.39361702127659576,0.1595744680851064,0.22340425531914893,0.22340425531914893,snoRNA
URS0000DE4858/Pseudogracilibacillus,0.29292929292929293,0.1919191919191919,0.18181818181818182,0.3333333333333333,snoRNA
URS0000DE7CF5/Paenibacillus,0.2558139534883721,0.11627906976744186,0.3023255813953488,0.32558139534883723,snoRNA
URS0000DED1A1/Streptococcus,0.35833333333333334,0.10833333333333334,0.20833333333333334,0.325,snoRNA
nameseq,A,C,G,T,label
URS0000000003/uncultured,0.2892561983471074,0.20385674931129477,0.26170798898071623,0.24517906336088155,rRNA
URS0000000004/uncultured,0.23795180722891565,0.2319277108433735,0.3614457831325301,0.1686746987951807,rRNA
URS0000000005/uncultured,0.24385245901639344,0.2459016393442623,0.3401639344262295,0.17008196721311475,rRNA
URS0000000009/uncultured,0.2222222222222222,0.2617283950617284,0.2938271604938272,0.2222222222222222,rRNA
URS000000000A/uncultured,0.23558897243107768,0.23308270676691728,0.3533834586466165,0.17794486215538846,rRNA
URS000000000B/uncultured,0.23922413793103448,0.21336206896551724,0.35344827586206895,0.1939655172413793,rRNA
URS000000000C/uncultured,0.21839080459770116,0.2260536398467433,0.36015325670498083,0.19540229885057472,rRNA
URS000000000F/uncultured,0.2660479505027069,0.2273781902552204,0.3109048723897912,0.1956689868522815,rRNA
URS0000000011/Shewanella,0.27573149741824443,0.20722891566265061,0.29604130808950085,0.22099827882960413,rRNA
URS0000000012/uncultured,0.2687140115163148,0.2034548944337812,0.31861804222648754,0.2092130518234165,rRNA
URS0000000015/uncultured,0.30638297872340425,0.17446808510638298,0.251063829787234,0.2680851063829787,rRNA
URS0000000017/uncultured,0.2601744186046512,0.22020348837209303,0.30523255813953487,0.21438953488372092,rRNA
URS000000001A/uncultured,0.22473320778405526,0.2529817953546767,0.33207784055241685,0.1902071563088512,rRNA
URS000000001F/uncultured,0.25428194993412384,0.2246376811594203,0.3188405797101449,0.20223978919631094,rRNA
URS0000000021/uncultured,0.23162939297124602,0.26916932907348246,0.3402555910543131,0.15894568690095848,rRNA
URS0000000026/uncultured,0.17938931297709923,0.3320610687022901,0.2366412213740458,0.25190839694656486,rRNA
URS0000000027/uncultured,0.2773998488284203,0.21693121693121692,0.30309901738473166,0.20256991685563114,rRNA
URS000000002D/uncultured,0.2355907780979827,0.24495677233429394,0.32132564841498557,0.19812680115273776,rRNA
URS000000002E/uncultured,0.29036929761042723,0.1998551774076756,0.29109341057204924,0.21868211440984794,rRNA
URS0000000030/uncultured,0.20544918998527245,0.22238586156111928,0.35346097201767307,0.2187039764359352,rRNA
URS0000000031/uncultured,0.21279761904761904,0.26413690476190477,0.3601190476190476,0.16294642857142858,rRNA
URS0000000034/uncultured,0.2834331337325349,0.1996007984031936,0.2894211576846307,0.2275449101796407,rRNA
URS0000000035/uncultured,0.27104377104377103,0.18181818181818182,0.2878787878787879,0.25925925925925924,rRNA
URS000000003D/uncultured,0.263671875,0.21484375,0.326171875,0.1953125,rRNA
URS0000000042/uncultured,0.23,0.26,0.32,0.19,rRNA
URS0000000045/uncultured,0.26296296296296295,0.21728395061728395,0.32469135802469135,0.19506172839506172,rRNA
URS0000000046/uncultured,0.26676492262343404,0.2196020633750921,0.30803242446573326,0.2056005895357406,rRNA
URS0000000048/uncultured,0.2605042016806723,0.23109243697478993,0.31512605042016806,0.19327731092436976,rRNA
URS0000000049/uncultured,0.2454780361757106,0.24031007751937986,0.313953488372093,0.20025839793281655,rRNA
URS000000004A/Streptococcus,0.2874251497005988,0.20359281437125748,0.2954091816367265,0.21357285429141717,rRNA
URS000000005D/uncultured,0.2503725782414307,0.23174366616989567,0.3174366616989568,0.20044709388971685,rRNA
URS0000000060/uncultured,0.2638731596828992,0.22989807474518686,0.29898074745186864,0.2072480181200453,rRNA
URS0000000062/uncultured,0.24761904761904763,0.23333333333333334,0.3357142857142857,0.18333333333333332,rRNA
URS0000000065/uncultured,0.26244952893674295,0.21399730820995963,0.3310901749663526,0.19246298788694483,rRNA
URS0000000067/uncultured,0.26515151515151514,0.1994949494949495,0.32323232323232326,0.21212121212121213,rRNA
URS0000000068/uncultured,0.24482338611449453,0.2350791717417783,0.3325213154689403,0.18757612667478685,rRNA
URS0000000069/uncultured,0.23671497584541062,0.21256038647342995,0.37681159420289856,0.17391304347826086,rRNA
URS000000006F/Vibrio,0.25084976206662135,0.21889870836165873,0.3235893949694086,0.20666213460231136,rRNA
URS0000000072/uncultured,0.26029411764705884,0.2125,0.3088235294117647,0.21838235294117647,rRNA
URS0000000073/uncultured,0.2587976539589443,0.23387096774193547,0.32111436950146627,0.18621700879765396,rRNA
URS0000000075/uncultured,0.2838709677419355,0.2064516129032258,0.2645161290322581,0.24516129032258063,rRNA
URS0000000076/uncultured,0.234251968503937,0.24606299212598426,0.2992125984251969,0.2204724409448819,rRNA
URS0000000079/uncultured,0.25178826895565093,0.2246065808297568,0.3090128755364807,0.2145922746781116,rRNA
URS000000007A/Paraburkholderia,0.24731903485254692,0.2386058981233244,0.3284182305630027,0.18565683646112602,rRNA
URS000000007D/uncultured,0.2579022988505747,0.22270114942528735,0.3168103448275862,0.2025862068965517,rRNA
URS0000000087/uncultured,0.23779193205944799,0.2653927813163482,0.3354564755838641,0.1613588110403397,rRNA
URS0000000089/uncultured,0.24476534296028882,0.23610108303249097,0.3234657039711191,0.1956678700361011,rRNA
URS000000008B/uncultured,0.27746319365798416,0.21517553793884484,0.2842582106455266,0.22310305775764439,rRNA
URS000000008E/uncultured,0.26055312954876275,0.24017467248908297,0.27365356622998543,0.22561863173216884,rRNA
URS0000000093/uncultured,0.3014354066985646,0.19138755980861244,0.2966507177033493,0.21052631578947367,rRNA
URS0000000099/uncultured,0.2598267821452365,0.2285143237841439,0.31245836109260494,0.19920053297801465,rRNA
URS000000009B/uncultured,0.23368146214099217,0.24412532637075718,0.3289817232375979,0.19321148825065274,rRNA
URS000000009E/uncultured,0.2222222222222222,0.26222222222222225,0.31777777777777777,0.19777777777777777,rRNA
URS000000009F/uncultured,0.25639152666179693,0.2191380569758948,0.3060628195763331,0.21840759678597516,rRNA
URS00000000A0/uncultured,0.2612732095490716,0.22347480106100795,0.29774535809018565,0.21750663129973474,rRNA
URS00000000A5/uncultured,0.27918781725888325,0.23857868020304568,0.3197969543147208,0.16243654822335024,rRNA
URS00000000A7/uncultured,0.2662251655629139,0.21456953642384105,0.33112582781456956,0.1880794701986755,rRNA
URS00000000AB/uncultured,0.26357466063348417,0.2149321266968326,0.333710407239819,0.18778280542986425,rRNA
URS00000000AE/uncultured,0.2645739910313901,0.23542600896860988,0.31614349775784756,0.18385650224215247,rRNA
URS00000000B0/uncultured,0.22885906040268456,0.2557046979865772,0.3409395973154362,0.174496644295302,rRNA
URS00000000B3/uncultured,0.26881720430107525,0.22102747909199522,0.3249701314217443,0.18518518518518517,rRNA
URS00000000B4/uncultured,0.23324396782841822,0.21179624664879357,0.3512064343163539,0.2037533512064343,rRNA
URS00000000B5/uncultured,0.2398568019093079,0.2398568019093079,0.3138424821002387,0.2064439140811456,rRNA
URS00000000B6/uncultured,0.22982885085574573,0.254278728606357,0.3154034229828851,0.20048899755501223,rRNA
URS00000000B9/uncultured,0.24571036376115304,0.23953328757721346,0.32532601235415237,0.18943033630748113,rRNA
URS00000000BE/uncultured,0.2597402597402597,0.24242424242424243,0.3246753246753247,0.17316017316017315,rRNA
URS00000000BF/uncultured,0.24564796905222436,0.24564796905222436,0.32495164410058025,0.18375241779497098,rRNA
URS00000000C2/uncultured,0.247,0.234,0.334,0.185,rRNA
URS00000000C5/uncultured,0.22538860103626943,0.2538860103626943,0.32124352331606215,0.19948186528497408,rRNA
URS00000000C6/uncultured,0.2774327122153209,0.22153209109730848,0.3084886128364389,0.19254658385093168,rRNA
URS00000000C8/uncultured,0.2591687041564792,0.22493887530562348,0.3374083129584352,0.1784841075794621,rRNA
URS00000000CA/uncultured,0.24390243902439024,0.23323170731707318,0.3384146341463415,0.18445121951219512,rRNA
URS00000000CB/uncultured,0.27176220806794055,0.23142250530785563,0.2951167728237792,0.20169851380042464,rRNA
URS00000000CD/Kitasatospora,0.2260748959778086,0.231622746185853,0.3592233009708738,0.18307905686546463,rRNA
URS00000000CF/uncultured,0.2505643340857788,0.2528216704288939,0.3363431151241535,0.16027088036117382,rRNA
URS00000000D3/uncultured,0.30666666666666664,0.21333333333333335,0.28,0.2,rRNA
URS00000000D8/uncultured,0.27140255009107467,0.2167577413479053,0.3224043715846995,0.1894353369763206,rRNA
URS00000000DA/uncultured,0.25277777777777777,0.2222222222222222,0.32222222222222224,0.20277777777777778,rRNA
URS00000000DB/uncultured,0.2633879781420765,0.21092896174863388,0.31693989071038253,0.2087431693989071,rRNA
URS00000000E2/uncultured,0.24433249370277077,0.24433249370277077,0.28967254408060455,0.2216624685138539,rRNA
URS00000000E3/uncultured,0.2651821862348178,0.23684210526315788,0.29554655870445345,0.20242914979757085,rRNA
URS00000000E4/uncultured,0.24821002386634844,0.2386634844868735,0.31026252983293556,0.20286396181384247,rRNA
URS00000000E6/uncultured,0.24584717607973422,0.2292358803986711,0.3289036544850498,0.19601328903654486,rRNA
URS00000000E9/uncultured,0.2436548223350254,0.233502538071066,0.3248730964467005,0.19796954314720813,rRNA
URS00000000EA/uncultured,0.29012345679012347,0.19753086419753085,0.30246913580246915,0.20987654320987653,rRNA
URS00000000EB/uncultured,0.2354368932038835,0.23300970873786409,0.35194174757281554,0.1796116504854369,rRNA
URS00000000F1/uncultured,0.21120689655172414,0.2629310344827586,0.34913793103448276,0.17672413793103448,rRNA
URS00000000F3/uncultured,0.25820568927789933,0.22975929978118162,0.3304157549234136,0.18161925601750548,rRNA
URS00000000F4/uncultured,0.2597402597402597,0.22820037105751392,0.287569573283859,0.22448979591836735,rRNA
URS00000000FB/uncultured,0.24517906336088155,0.22727272727272727,0.3236914600550964,0.20385674931129477,rRNA
URS00000000FC/uncultured,0.25961538461538464,0.23317307692307693,0.31490384615384615,0.19230769230769232,rRNA
URS0000000101/uncultured,0.24691358024691357,0.22839506172839505,0.3230452674897119,0.20164609053497942,rRNA
URS0000000106/uncultured,0.26666666666666666,0.217351598173516,0.30228310502283107,0.2136986301369863,rRNA
URS0000000107/Bacillus,0.24847664184157076,0.23561272850372375,0.3175355450236967,0.1983750846310088,rRNA
URS0000000109/Streptomyces,0.234533702677747,0.2530009233610342,0.3157894736842105,0.19667590027700832,rRNA
URS000000010A/uncultured,0.267515923566879,0.2484076433121019,0.29936305732484075,0.18471337579617833,rRNA
URS000000010D/uncultured,0.24447513812154695,0.231353591160221,0.3169889502762431,0.20718232044198895,rRNA
URS000000010E/uncultured,0.2302771855010661,0.24520255863539445,0.29850746268656714,0.2260127931769723,rRNA
URS000000010F/uncultured,0.2561707805203469,0.22414943295530354,0.31020680453635757,0.209472981987992,rRNA
URS0000000112/uncultured,0.2897196261682243,0.21962616822429906,0.28738317757009346,0.20327102803738317,rRNA
URS0000000115/uncultured,0.237017310252996,0.23169107856191745,0.35286284953395475,0.17842876165113183,rRNA
URS0000000117/uncultured,0.28857566765578635,0.20400593471810088,0.293026706231454,0.21439169139465875,rRNA
URS0000000119/Frankia,0.219350563286945,0.2571239231278993,0.3465871438038436,0.17693836978131214,rRNA
URS000000011D/uncultured,0.23931623931623933,0.29914529914529914,0.29914529914529914,0.1623931623931624,rRNA
URS0000000121/uncultured,0.26001357773251865,0.22471147318397827,0.3034623217922607,0.21181262729124237,rRNA
URS0000000123/uncultured,0.2800829875518672,0.2074688796680498,0.3112033195020747,0.2012448132780083,rRNA
URS0000000124/uncultured,0.21153846153846154,0.27884615384615385,0.3125,0.1971153846153846,rRNA
URS0000000125/uncultured,0.25862068965517243,0.22629310344827586,0.3232758620689655,0.19181034482758622,rRNA
URS0000000126/uncultured,0.237012987012987,0.23376623376623376,0.2987012987012987,0.2305194805194805,rRNA
URS0000000128/uncultured,0.2592137592137592,0.214987714987715,0.3194103194103194,0.20638820638820637,rRNA
URS000000012C/uncultured,0.25722543352601157,0.21098265895953758,0.30057803468208094,0.23121387283236994,rRNA
URS000000012E/uncultured,0.258130081300813,0.21138211382113822,0.33739837398373984,0.19308943089430894,rRNA
URS000000012F/uncultured,0.2664756446991404,0.21275071633237821,0.28868194842406875,0.23209169054441262,rRNA
URS0000000137/uncultured,0.27065959059893857,0.221379833206975,0.3206974981046247,0.18726307808946172,rRNA
URS0000000138/uncultured,0.2600806451612903,0.21505376344086022,0.3185483870967742,0.20631720430107528,rRNA
URS000000013F/uncultured,0.2682274247491639,0.21605351170568562,0.29498327759197324,0.22073578595317725,rRNA
URS0000000142/Bacillus,0.26603575184016826,0.21556256572029442,0.31650893796004204,0.20189274447949526,rRNA
URS000000014C/uncultured,0.24922118380062305,0.22741433021806853,0.32398753894080995,0.19937694704049844,rRNA
URS000000014D/Haemophilus,0.2569089048106448,0.21084953940634596,0.31218014329580346,0.22006141248720573,rRNA
URS000000014F/uncultured,0.224,0.248,0.356,0.172,rRNA
URS0000000150/uncultured,0.2373453318335208,0.23622047244094488,0.33858267716535434,0.18785151856017998,rRNA
URS0000000152/uncultured,0.24366197183098592,0.24647887323943662,0.3126760563380282,0.19718309859154928,rRNA
URS0000000153/uncultured,0.2621145374449339,0.21145374449339208,0.29295154185022027,0.23348017621145375,rRNA
URS000000015B/uncultured,0.2635135135135135,0.21351351351351353,0.32432432432432434,0.19864864864864865,rRNA
URS0000000161/Pedobacter,0.27603074772886094,0.2222222222222222,0.29350104821802936,0.2082459818308875,rRNA
URS0000000162/uncultured,0.24347826086956523,0.24565217391304348,0.2847826086956522,0.22608695652173913,rRNA
URS0000000163/uncultured,0.2757936507936508,0.20436507936507936,0.29365079365079366,0.2261904761904762,rRNA
URS0000000164/uncultured,0.25255102040816324,0.2372448979591837,0.32908163265306123,0.18112244897959184,rRNA
URS0000000166/uncultured,0.2706422018348624,0.21559633027522937,0.2798165137614679,0.23394495412844038,rRNA
URS0000000167/Kordiimonas,0.24735729386892177,0.22762508809020437,0.3107822410147992,0.2142353770260747,rRNA
URS0000000168/uncultured,0.260424286759327,0.21799561082662766,0.2991953182150695,0.22238478419897587,rRNA
URS000000016A/uncultured,0.28087167070217917,0.21549636803874092,0.29782082324455206,0.20581113801452786,rRNA
URS000000016E/uncultured,0.26570048309178745,0.2608695652173913,0.2995169082125604,0.17391304347826086,rRNA
URS0000000176/uncultured,0.2494296577946768,0.2311787072243346,0.3178707224334601,0.20152091254752852,rRNA
URS000000017E/uncultured,0.27722772277227725,0.22772277227722773,0.299009900990099,0.19603960396039605,rRNA
URS0000000188/uncultured,0.2422680412371134,0.2551546391752577,0.33762886597938147,0.16494845360824742,rRNA
URS0000000191/uncultured,0.25517702070808285,0.23246492985971945,0.3119572478289913,0.20040080160320642,rRNA
URS0000000199/uncultured,0.1710261569416499,0.3319919517102616,0.2535211267605634,0.24346076458752516,rRNA
URS000000019B/uncultured,0.20300751879699247,0.3157894736842105,0.22556390977443608,0.2556390977443609,rRNA
URS000000019D/uncultured,0.2314266929651545,0.25706771860618016,0.3320184089414859,0.1794871794871795,rRNA
URS000000019E/Bacillus,0.24511784511784512,0.23434343434343435,0.3138047138047138,0.20673400673400674,rRNA
URS00000001A2/uncultured,0.2570725707257073,0.21648216482164823,0.3370233702337023,0.18942189421894218,rRNA
URS00000001A7/uncultured,0.2679355783308931,0.2042459736456808,0.3140556368960469,0.21376281112737922,rRNA
URS00000001A9/uncultured,0.26762114537444937,0.2290748898678414,0.32599118942731276,0.17731277533039647,rRNA
URS00000001AB/uncultured,0.27595628415300544,0.18579234972677597,0.32786885245901637,0.2103825136612022,rRNA
URS00000001AF/uncultured,0.24932065217391305,0.23369565217391305,0.3267663043478261,0.19021739130434784,rRNA
URS00000001B0/uncultured,0.27181208053691275,0.20738255033557046,0.287248322147651,0.23355704697986576,rRNA
URS00000001B3/uncultured,0.22356495468277945,0.23867069486404835,0.3504531722054381,0.18731117824773413,rRNA
URS00000001B5/uncultured,0.23636363636363636,0.23636363636363636,0.2818181818181818,0.24545454545454545,rRNA
URS00000001B7/uncultured,0.2551813471502591,0.22279792746113988,0.3160621761658031,0.20595854922279794,rRNA
URS00000001B8/uncultured,0.2888015717092338,0.20235756385068762,0.3241650294695481,0.18467583497053044,rRNA
URS00000001BA/uncultured,0.2698412698412698,0.2222222222222222,0.30357142857142855,0.20436507936507936,rRNA
URS00000001BB/uncultured,0.2637795275590551,0.2440944881889764,0.2874015748031496,0.2047244094488189,rRNA
URS00000001BD/uncultured,0.2656972901520159,0.2200925313945803,0.29213483146067415,0.22207534699272968,rRNA
URS00000001C0/uncultured,0.25806451612903225,0.221505376344086,0.3150537634408602,0.2053763440860215,rRNA
URS00000001C2/uncultured,0.28421052631578947,0.21894736842105264,0.30526315789473685,0.19157894736842104,rRNA
URS00000001C3/uncultured,0.25754060324825984,0.2296983758700696,0.3248259860788863,0.18793503480278423,rRNA
URS00000001C6/uncultured,0.2412280701754386,0.25,0.2982456140350877,0.21052631578947367,rRNA
URS00000001CC/uncultured,0.2883435582822086,0.21267893660531698,0.2842535787321063,0.2147239263803681,rRNA
URS00000001CD/uncultured,0.28842105263157897,0.19789473684210526,0.2926315789473684,0.22105263157894736,rRNA
URS00000001D0/uncultured,0.24897119341563786,0.24074074074074073,0.3168724279835391,0.1934156378600823,rRNA
URS00000001D2/uncultured,0.2749003984063745,0.2151394422310757,0.29282868525896416,0.21713147410358566,rRNA
URS00000001D9/uncultured,0.2835820895522388,0.19936034115138593,0.2953091684434968,0.22174840085287847,rRNA
URS00000001DC/uncultured,0.28346456692913385,0.2204724409448819,0.2854330708661417,0.2106299212598425,rRNA
URS00000001E3/Exiguobacterium,0.24761904761904763,0.2261904761904762,0.3404761904761905,0.18571428571428572,rRNA
URS00000001E4/uncultured,0.2620578778135048,0.20739549839228297,0.3295819935691318,0.20096463022508038,rRNA
URS00000001E8/uncultured,0.27824267782426776,0.19665271966527198,0.3138075313807531,0.2112970711297071,rRNA
URS00000001EA/Sphingomonas,0.2621231979030144,0.2162516382699869,0.3145478374836173,0.20707732634338138,rRNA
URS00000001ED/uncultured,0.22686025408348456,0.2250453720508167,0.32849364791288566,0.21960072595281308,rRNA
URS00000001EE/uncultured,0.25277161862527714,0.23725055432372505,0.3392461197339246,0.17073170731707318,rRNA
URS00000001F7/uncultured,0.27564894932014833,0.21508034610630408,0.3016069221260816,0.207663782447466,rRNA
URS00000001F9/uncultured,0.271523178807947,0.2229580573951435,0.32450331125827814,0.18101545253863136,rRNA
URS00000001FA/uncultured,0.30303030303030304,0.17575757575757575,0.3151515151515151,0.20606060606060606,rRNA
URS00000001FC/uncultured,0.23318385650224216,0.23318385650224216,0.3419282511210762,0.19170403587443946,rRNA
URS0000000200/uncultured,0.2183288409703504,0.23450134770889489,0.3746630727762803,0.1725067385444744,rRNA
URS0000000201/uncultured,0.24525745257452575,0.22628726287262874,0.3265582655826558,0.2018970189701897,rRNA
URS0000000203/uncultured,0.2793522267206478,0.21862348178137653,0.29959514170040485,0.20242914979757085,rRNA
URS0000000208/uncultured,0.26331360946745563,0.22633136094674555,0.3143491124260355,0.19600591715976332,rRNA
URS000000020B/Chroococcidiopsis,0.2687224669603524,0.213215859030837,0.3233480176211454,0.1947136563876652,rRNA
URS000000020C/Thermoanaerobacter,0.25139664804469275,0.23215394165114836,0.34512725015518314,0.1713221601489758,rRNA
URS0000000210/uncultured,0.2692307692307692,0.21394230769230768,0.3088942307692308,0.20793269230769232,rRNA
URS0000000214/uncultured,0.2826855123674912,0.21554770318021202,0.31448763250883394,0.1872791519434629,rRNA
URS0000000218/uncultured,0.25925925925925924,0.22693602693602694,0.30303030303030304,0.21077441077441078,rRNA
URS000000021A/uncultured,0.24476987447698745,0.2698744769874477,0.33472803347280333,0.1506276150627615,rRNA
URS000000021D/uncultured,0.26558891454965355,0.22401847575057737,0.3210161662817552,0.18937644341801385,rRNA
URS0000000220/uncultured,0.25153374233128833,0.22576687116564417,0.3361963190184049,0.18650306748466258,rRNA
URS0000000221/uncultured,0.1776061776061776,0.3359073359073359,0.23552123552123552,0.25096525096525096,rRNA
URS000000022B/uncultured,0.2182628062360802,0.22494432071269488,0.33853006681514475,0.2182628062360802,rRNA
URS000000022C/uncultured,0.2571428571428571,0.21142857142857144,0.3352380952380952,0.1961904761904762,rRNA
URS0000000230/uncultured,0.23773584905660378,0.2641509433962264,0.33962264150943394,0.15849056603773584,rRNA
URS0000000232/Bacillus,0.2496206373292868,0.23596358118361152,0.3194233687405159,0.19499241274658574,rRNA
URS0000000237/uncultured,0.24685138539042822,0.2141057934508816,0.33249370277078083,0.20654911838790932,rRNA
URS000000023B/uncultured,0.28024193548387094,0.21370967741935484,0.31451612903225806,0.19153225806451613,rRNA
URS0000000240/uncultured,0.24742268041237114,0.21944035346097202,0.31958762886597936,0.21354933726067746,rRNA
URS0000000241/uncultured,0.2608695652173913,0.1932367149758454,0.33816425120772947,0.20772946859903382,rRNA
URS0000000242/uncultured,0.22213911742707554,0.22587883320867613,0.33507853403141363,0.2169035153328347,rRNA
URS0000000245/uncultured,0.2717536813922356,0.22289156626506024,0.30655957161981257,0.19879518072289157,rRNA
URS0000000246/Rhizobium,0.24629498941425548,0.23570924488355682,0.31898376852505295,0.1990119971771348,rRNA
URS0000000248/uncultured,0.2524752475247525,0.25742574257425743,0.297029702970297,0.19306930693069307,rRNA
URS000000024A/uncultured,0.19584569732937684,0.24629080118694363,0.3768545994065282,0.18100890207715134,rRNA
URS0000000251/uncultured,0.2588480222068008,0.2241498959056211,0.2970159611380985,0.21998612074947954,rRNA
URS0000000252/uncultured,0.22382671480144403,0.24729241877256317,0.33754512635379064,0.19133574007220217,rRNA
URS0000000253/Stenotrophomonas,0.2526464361326747,0.23288637967537051,0.31545518701482006,0.1990119971771348,rRNA
URS0000000258/uncultured,0.25888324873096447,0.24111675126903553,0.3223350253807107,0.17766497461928935,rRNA
URS000000025C/uncultured,0.21882001493651979,0.22330097087378642,0.33980582524271846,0.21807318894697536,rRNA
URS000000025D/uncultured,0.2561247216035635,0.2516703786191537,0.289532293986637,0.2026726057906459,rRNA
URS0000000264/uncultured,0.25443169968717416,0.22627737226277372,0.32116788321167883,0.1981230448383733,rRNA
URS0000000269/Ruegeria,0.23587223587223588,0.2285012285012285,0.32432432432432434,0.2113022113022113,rRNA
URS000000026A/uncultured,0.2764976958525346,0.22580645161290322,0.2995391705069124,0.19815668202764977,rRNA
URS000000026B/uncultured,0.2579403272377286,0.22617901828681425,0.31665062560153995,0.19923002887391722,rRNA
URS000000026F/uncultured,0.24721603563474387,0.2383073496659243,0.2873051224944321,0.22717149220489977,rRNA
URS0000000274/uncultured,0.2494172494172494,0.21212121212121213,0.34498834498834496,0.19347319347319347,rRNA
URS0000000277/uncultured,0.27624309392265195,0.22099447513812154,0.281767955801105,0.22099447513812154,rRNA
URS000000027A/bacterium,0.24854227405247814,0.23833819241982507,0.3236151603498542,0.18950437317784258,rRNA
URS000000027B/uncultured,0.25360230547550433,0.21469740634005763,0.3126801152737752,0.21902017291066284,rRNA
URS000000027C/uncultured,0.2809983896940419,0.1996779388083736,0.27938808373590984,0.23993558776167473,rRNA
URS000000027F/Candidatus,0.24722991689750692,0.22922437673130194,0.31301939058171746,0.21052631578947367,rRNA
URS0000000283/uncultured,0.26046511627906976,0.25116279069767444,0.3116279069767442,0.17674418604651163,rRNA
URS0000000289/uncultured,0.23205342237061768,0.21702838063439064,0.35392320534223703,0.19699499165275458,rRNA
URS000000028A/uncultured,0.24509803921568626,0.26862745098039215,0.30392156862745096,0.18235294117647058,rRNA
URS000000028B/uncultured,0.2745664739884393,0.2023121387283237,0.3063583815028902,0.21676300578034682,rRNA
URS000000028C/uncultured,0.23795180722891565,0.21385542168674698,0.3433734939759036,0.20481927710843373,rRNA
URS000000028D/Micromonospora,0.21763085399449036,0.2513774104683196,0.34573002754820936,0.18526170798898073,rRNA
URS0000000294/uncultured,0.2613168724279835,0.22839506172839505,0.3148148148148148,0.19547325102880658,rRNA
URS0000000295/uncultured,0.25100401606425704,0.23025435073627845,0.32061579651941097,0.19812583668005354,rRNA
URS0000000297/uncultured,0.281496062992126,0.2106299212598425,0.2854330708661417,0.22244094488188976,rRNA
URS0000000298/uncultured,0.31,0.215,0.275,0.2,rRNA
URS000000029A/uncultured,0.2386206896551724,0.2386206896551724,0.3627586206896552,0.16,rRNA
URS000000029C/uncultured,0.22959889349930843,0.23374827109266944,0.34024896265560167,0.19640387275242047,rRNA
